c test
c cell card
1 1 -1.0000 -4 7 6 -2 1 imp:n=1
2 2 -1.0000 -4 8 -7 -2 1 imp:n=1
3 3 -1.0000 -4 -9 -8 -2 1 imp:n=1
4 4 -1.0000 -4 -10 9 -2 1 imp:n=1
5 5 -1.0000 -5 4 7 6 -2 1 imp:n=1
6 6 -1.0000 -5 4 8 -7 -2 1 imp:n=1
7 7 -1.0000 -5 4 -9 -8 -2 1 imp:n=1
8 8 -1.0000 -5 4 -10 9 -2 1 imp:n=1
9 9 -1.0000 -4 7 6 -3 2 imp:n=1
10 10 -1.0000 -4 8 -7 -3 2 imp:n=1
11 11 -1.0000 -4 -9 -8 -3 2 imp:n=1
12 12 -1.0000 -4 -10 9 -3 2 imp:n=1
13 13 -1.0000 -5 4 7 6 -3 2 imp:n=1
14 14 -1.0000 -5 4 8 -7 -3 2 imp:n=1
15 15 -1.0000 -5 4 -9 -8 -3 2 imp:n=1
16 16 -1.0000 -5 4 -10 9 -3 2 imp:n=1
17 17 -1.0000 -14 5 -20 19 -12 11 imp:n=1
18 18 -1.0000 -14 5 21 20 -12 11 imp:n=1
19 19 -1.0000 -14 5 22 -21 -12 11 imp:n=1
20 20 -1.0000 -14 5 23 -22 -12 11 imp:n=1
21 21 -1.0000 -14 5 24 -23 -12 11 imp:n=1
22 22 -1.0000 -14 5 -25 -24 -12 11 imp:n=1
23 23 -1.0000 -14 5 -26 25 -12 11 imp:n=1
24 24 -1.0000 -14 5 -27 26 -12 11 imp:n=1
25 25 -1.0000 -15 14 -20 19 -12 11 imp:n=1
26 26 -1.0000 -15 14 21 20 -12 11 imp:n=1
27 27 -1.0000 -15 14 22 -21 -12 11 imp:n=1
28 28 -1.0000 -15 14 23 -22 -12 11 imp:n=1
29 29 -1.0000 -15 14 24 -23 -12 11 imp:n=1
30 30 -1.0000 -15 14 -25 -24 -12 11 imp:n=1
31 31 -1.0000 -15 14 -26 25 -12 11 imp:n=1
32 32 -1.0000 -15 14 -27 26 -12 11 imp:n=1
33 33 -1.0000 -16 15 -20 19 -12 11 imp:n=1
34 34 -1.0000 -16 15 21 20 -12 11 imp:n=1
35 35 -1.0000 -16 15 22 -21 -12 11 imp:n=1
36 36 -1.0000 -16 15 23 -22 -12 11 imp:n=1
37 37 -1.0000 -16 15 24 -23 -12 11 imp:n=1
38 38 -1.0000 -16 15 -25 -24 -12 11 imp:n=1
39 39 -1.0000 -16 15 -26 25 -12 11 imp:n=1
40 40 -1.0000 -16 15 -27 26 -12 11 imp:n=1
41 41 -1.0000 -17 16 -20 19 -12 11 imp:n=1
42 42 -1.0000 -17 16 21 20 -12 11 imp:n=1
43 43 -1.0000 -17 16 22 -21 -12 11 imp:n=1
44 44 -1.0000 -17 16 23 -22 -12 11 imp:n=1
45 45 -1.0000 -17 16 24 -23 -12 11 imp:n=1
46 46 -1.0000 -17 16 -25 -24 -12 11 imp:n=1
47 47 -1.0000 -17 16 -26 25 -12 11 imp:n=1
48 48 -1.0000 -17 16 -27 26 -12 11 imp:n=1
49 49 -1.0000 -18 17 -20 19 -12 11 imp:n=1
50 50 -1.0000 -18 17 21 20 -12 11 imp:n=1
51 51 -1.0000 -18 17 22 -21 -12 11 imp:n=1
52 52 -1.0000 -18 17 23 -22 -12 11 imp:n=1
53 53 -1.0000 -18 17 24 -23 -12 11 imp:n=1
54 54 -1.0000 -18 17 -25 -24 -12 11 imp:n=1
55 55 -1.0000 -18 17 -26 25 -12 11 imp:n=1
56 56 -1.0000 -18 17 -27 26 -12 11 imp:n=1
57 57 -1.0000 -14 5 -20 19 -13 12 imp:n=1
58 58 -1.0000 -14 5 21 20 -13 12 imp:n=1
59 59 -1.0000 -14 5 22 -21 -13 12 imp:n=1
60 60 -1.0000 -14 5 23 -22 -13 12 imp:n=1
61 61 -1.0000 -14 5 24 -23 -13 12 imp:n=1
62 62 -1.0000 -14 5 -25 -24 -13 12 imp:n=1
63 63 -1.0000 -14 5 -26 25 -13 12 imp:n=1
64 64 -1.0000 -14 5 -27 26 -13 12 imp:n=1
65 65 -1.0000 -15 14 -20 19 -13 12 imp:n=1
66 66 -1.0000 -15 14 21 20 -13 12 imp:n=1
67 67 -1.0000 -15 14 22 -21 -13 12 imp:n=1
68 68 -1.0000 -15 14 23 -22 -13 12 imp:n=1
69 69 -1.0000 -15 14 24 -23 -13 12 imp:n=1
70 70 -1.0000 -15 14 -25 -24 -13 12 imp:n=1
71 71 -1.0000 -15 14 -26 25 -13 12 imp:n=1
72 72 -1.0000 -15 14 -27 26 -13 12 imp:n=1
73 73 -1.0000 -16 15 -20 19 -13 12 imp:n=1
74 74 -1.0000 -16 15 21 20 -13 12 imp:n=1
75 75 -1.0000 -16 15 22 -21 -13 12 imp:n=1
76 76 -1.0000 -16 15 23 -22 -13 12 imp:n=1
77 77 -1.0000 -16 15 24 -23 -13 12 imp:n=1
78 78 -1.0000 -16 15 -25 -24 -13 12 imp:n=1
79 79 -1.0000 -16 15 -26 25 -13 12 imp:n=1
80 80 -1.0000 -16 15 -27 26 -13 12 imp:n=1
81 81 -1.0000 -17 16 -20 19 -13 12 imp:n=1
82 82 -1.0000 -17 16 21 20 -13 12 imp:n=1
83 83 -1.0000 -17 16 22 -21 -13 12 imp:n=1
84 84 -1.0000 -17 16 23 -22 -13 12 imp:n=1
85 85 -1.0000 -17 16 24 -23 -13 12 imp:n=1
86 86 -1.0000 -17 16 -25 -24 -13 12 imp:n=1
87 87 -1.0000 -17 16 -26 25 -13 12 imp:n=1
88 88 -1.0000 -17 16 -27 26 -13 12 imp:n=1
89 89 -1.0000 -18 17 -20 19 -13 12 imp:n=1
90 90 -1.0000 -18 17 21 20 -13 12 imp:n=1
91 91 -1.0000 -18 17 22 -21 -13 12 imp:n=1
92 92 -1.0000 -18 17 23 -22 -13 12 imp:n=1
93 93 -1.0000 -18 17 24 -23 -13 12 imp:n=1
94 94 -1.0000 -18 17 -25 -24 -13 12 imp:n=1
95 95 -1.0000 -18 17 -26 25 -13 12 imp:n=1
96 96 -1.0000 -18 17 -27 26 -13 12 imp:n=1
97 97 -1.0000 -31 18 -40 39 -29 28 imp:n=1
98 98 -1.0000 -31 18 -41 40 -29 28 imp:n=1
99 99 -1.0000 -31 18 -42 41 -29 28 imp:n=1
100 100 -1.0000 -31 18 43 42 -29 28 imp:n=1
101 101 -1.0000 -31 18 44 -43 -29 28 imp:n=1
102 102 -1.0000 -31 18 45 -44 -29 28 imp:n=1
103 103 -1.0000 -31 18 46 -45 -29 28 imp:n=1
104 104 -1.0000 -31 18 47 -46 -29 28 imp:n=1
105 105 -1.0000 -31 18 48 -47 -29 28 imp:n=1
106 106 -1.0000 -31 18 49 -48 -29 28 imp:n=1
107 107 -1.0000 -31 18 50 -49 -29 28 imp:n=1
108 108 -1.0000 -31 18 -51 -50 -29 28 imp:n=1
109 109 -1.0000 -31 18 -52 51 -29 28 imp:n=1
110 110 -1.0000 -31 18 -53 52 -29 28 imp:n=1
111 111 -1.0000 -31 18 -54 53 -29 28 imp:n=1
112 112 -1.0000 -31 18 -55 54 -29 28 imp:n=1
113 113 -1.0000 -32 31 -40 39 -29 28 imp:n=1
114 114 -1.0000 -32 31 -41 40 -29 28 imp:n=1
115 115 -1.0000 -32 31 -42 41 -29 28 imp:n=1
116 116 -1.0000 -32 31 43 42 -29 28 imp:n=1
117 117 -1.0000 -32 31 44 -43 -29 28 imp:n=1
118 118 -1.0000 -32 31 45 -44 -29 28 imp:n=1
119 119 -1.0000 -32 31 46 -45 -29 28 imp:n=1
120 120 -1.0000 -32 31 47 -46 -29 28 imp:n=1
121 121 -1.0000 -32 31 48 -47 -29 28 imp:n=1
122 122 -1.0000 -32 31 49 -48 -29 28 imp:n=1
123 123 -1.0000 -32 31 50 -49 -29 28 imp:n=1
124 124 -1.0000 -32 31 -51 -50 -29 28 imp:n=1
125 125 -1.0000 -32 31 -52 51 -29 28 imp:n=1
126 126 -1.0000 -32 31 -53 52 -29 28 imp:n=1
127 127 -1.0000 -32 31 -54 53 -29 28 imp:n=1
128 128 -1.0000 -32 31 -55 54 -29 28 imp:n=1
129 129 -1.0000 -33 32 -40 39 -29 28 imp:n=1
130 130 -1.0000 -33 32 -41 40 -29 28 imp:n=1
131 131 -1.0000 -33 32 -42 41 -29 28 imp:n=1
132 132 -1.0000 -33 32 43 42 -29 28 imp:n=1
133 133 -1.0000 -33 32 44 -43 -29 28 imp:n=1
134 134 -1.0000 -33 32 45 -44 -29 28 imp:n=1
135 135 -1.0000 -33 32 46 -45 -29 28 imp:n=1
136 136 -1.0000 -33 32 47 -46 -29 28 imp:n=1
137 137 -1.0000 -33 32 48 -47 -29 28 imp:n=1
138 138 -1.0000 -33 32 49 -48 -29 28 imp:n=1
139 139 -1.0000 -33 32 50 -49 -29 28 imp:n=1
140 140 -1.0000 -33 32 -51 -50 -29 28 imp:n=1
141 141 -1.0000 -33 32 -52 51 -29 28 imp:n=1
142 142 -1.0000 -33 32 -53 52 -29 28 imp:n=1
143 143 -1.0000 -33 32 -54 53 -29 28 imp:n=1
144 144 -1.0000 -33 32 -55 54 -29 28 imp:n=1
145 145 -1.0000 -34 33 -40 39 -29 28 imp:n=1
146 146 -1.0000 -34 33 -41 40 -29 28 imp:n=1
147 147 -1.0000 -34 33 -42 41 -29 28 imp:n=1
148 148 -1.0000 -34 33 43 42 -29 28 imp:n=1
149 149 -1.0000 -34 33 44 -43 -29 28 imp:n=1
150 150 -1.0000 -34 33 45 -44 -29 28 imp:n=1
151 151 -1.0000 -34 33 46 -45 -29 28 imp:n=1
152 152 -1.0000 -34 33 47 -46 -29 28 imp:n=1
153 153 -1.0000 -34 33 48 -47 -29 28 imp:n=1
154 154 -1.0000 -34 33 49 -48 -29 28 imp:n=1
155 155 -1.0000 -34 33 50 -49 -29 28 imp:n=1
156 156 -1.0000 -34 33 -51 -50 -29 28 imp:n=1
157 157 -1.0000 -34 33 -52 51 -29 28 imp:n=1
158 158 -1.0000 -34 33 -53 52 -29 28 imp:n=1
159 159 -1.0000 -34 33 -54 53 -29 28 imp:n=1
160 160 -1.0000 -34 33 -55 54 -29 28 imp:n=1
161 161 -1.0000 -35 34 -40 39 -29 28 imp:n=1
162 162 -1.0000 -35 34 -41 40 -29 28 imp:n=1
163 163 -1.0000 -35 34 -42 41 -29 28 imp:n=1
164 164 -1.0000 -35 34 43 42 -29 28 imp:n=1
165 165 -1.0000 -35 34 44 -43 -29 28 imp:n=1
166 166 -1.0000 -35 34 45 -44 -29 28 imp:n=1
167 167 -1.0000 -35 34 46 -45 -29 28 imp:n=1
168 168 -1.0000 -35 34 47 -46 -29 28 imp:n=1
169 169 -1.0000 -35 34 48 -47 -29 28 imp:n=1
170 170 -1.0000 -35 34 49 -48 -29 28 imp:n=1
171 171 -1.0000 -35 34 50 -49 -29 28 imp:n=1
172 172 -1.0000 -35 34 -51 -50 -29 28 imp:n=1
173 173 -1.0000 -35 34 -52 51 -29 28 imp:n=1
174 174 -1.0000 -35 34 -53 52 -29 28 imp:n=1
175 175 -1.0000 -35 34 -54 53 -29 28 imp:n=1
176 176 -1.0000 -35 34 -55 54 -29 28 imp:n=1
177 177 -1.0000 -36 35 -40 39 -29 28 imp:n=1
178 178 -1.0000 -36 35 -41 40 -29 28 imp:n=1
179 179 -1.0000 -36 35 -42 41 -29 28 imp:n=1
180 180 -1.0000 -36 35 43 42 -29 28 imp:n=1
181 181 -1.0000 -36 35 44 -43 -29 28 imp:n=1
182 182 -1.0000 -36 35 45 -44 -29 28 imp:n=1
183 183 -1.0000 -36 35 46 -45 -29 28 imp:n=1
184 184 -1.0000 -36 35 47 -46 -29 28 imp:n=1
185 185 -1.0000 -36 35 48 -47 -29 28 imp:n=1
186 186 -1.0000 -36 35 49 -48 -29 28 imp:n=1
187 187 -1.0000 -36 35 50 -49 -29 28 imp:n=1
188 188 -1.0000 -36 35 -51 -50 -29 28 imp:n=1
189 189 -1.0000 -36 35 -52 51 -29 28 imp:n=1
190 190 -1.0000 -36 35 -53 52 -29 28 imp:n=1
191 191 -1.0000 -36 35 -54 53 -29 28 imp:n=1
192 192 -1.0000 -36 35 -55 54 -29 28 imp:n=1
193 193 -1.0000 -37 36 -40 39 -29 28 imp:n=1
194 194 -1.0000 -37 36 -41 40 -29 28 imp:n=1
195 195 -1.0000 -37 36 -42 41 -29 28 imp:n=1
196 196 -1.0000 -37 36 43 42 -29 28 imp:n=1
197 197 -1.0000 -37 36 44 -43 -29 28 imp:n=1
198 198 -1.0000 -37 36 45 -44 -29 28 imp:n=1
199 199 -1.0000 -37 36 46 -45 -29 28 imp:n=1
200 200 -1.0000 -37 36 47 -46 -29 28 imp:n=1
201 201 -1.0000 -37 36 48 -47 -29 28 imp:n=1
202 202 -1.0000 -37 36 49 -48 -29 28 imp:n=1
203 203 -1.0000 -37 36 50 -49 -29 28 imp:n=1
204 204 -1.0000 -37 36 -51 -50 -29 28 imp:n=1
205 205 -1.0000 -37 36 -52 51 -29 28 imp:n=1
206 206 -1.0000 -37 36 -53 52 -29 28 imp:n=1
207 207 -1.0000 -37 36 -54 53 -29 28 imp:n=1
208 208 -1.0000 -37 36 -55 54 -29 28 imp:n=1
209 209 -1.0000 -38 37 -40 39 -29 28 imp:n=1
210 210 -1.0000 -38 37 -41 40 -29 28 imp:n=1
211 211 -1.0000 -38 37 -42 41 -29 28 imp:n=1
212 212 -1.0000 -38 37 43 42 -29 28 imp:n=1
213 213 -1.0000 -38 37 44 -43 -29 28 imp:n=1
214 214 -1.0000 -38 37 45 -44 -29 28 imp:n=1
215 215 -1.0000 -38 37 46 -45 -29 28 imp:n=1
216 216 -1.0000 -38 37 47 -46 -29 28 imp:n=1
217 217 -1.0000 -38 37 48 -47 -29 28 imp:n=1
218 218 -1.0000 -38 37 49 -48 -29 28 imp:n=1
219 219 -1.0000 -38 37 50 -49 -29 28 imp:n=1
220 220 -1.0000 -38 37 -51 -50 -29 28 imp:n=1
221 221 -1.0000 -38 37 -52 51 -29 28 imp:n=1
222 222 -1.0000 -38 37 -53 52 -29 28 imp:n=1
223 223 -1.0000 -38 37 -54 53 -29 28 imp:n=1
224 224 -1.0000 -38 37 -55 54 -29 28 imp:n=1
225 225 -1.0000 -31 18 -40 39 -30 29 imp:n=1
226 226 -1.0000 -31 18 -41 40 -30 29 imp:n=1
227 227 -1.0000 -31 18 -42 41 -30 29 imp:n=1
228 228 -1.0000 -31 18 43 42 -30 29 imp:n=1
229 229 -1.0000 -31 18 44 -43 -30 29 imp:n=1
230 230 -1.0000 -31 18 45 -44 -30 29 imp:n=1
231 231 -1.0000 -31 18 46 -45 -30 29 imp:n=1
232 232 -1.0000 -31 18 47 -46 -30 29 imp:n=1
233 233 -1.0000 -31 18 48 -47 -30 29 imp:n=1
234 234 -1.0000 -31 18 49 -48 -30 29 imp:n=1
235 235 -1.0000 -31 18 50 -49 -30 29 imp:n=1
236 236 -1.0000 -31 18 -51 -50 -30 29 imp:n=1
237 237 -1.0000 -31 18 -52 51 -30 29 imp:n=1
238 238 -1.0000 -31 18 -53 52 -30 29 imp:n=1
239 239 -1.0000 -31 18 -54 53 -30 29 imp:n=1
240 240 -1.0000 -31 18 -55 54 -30 29 imp:n=1
241 241 -1.0000 -32 31 -40 39 -30 29 imp:n=1
242 242 -1.0000 -32 31 -41 40 -30 29 imp:n=1
243 243 -1.0000 -32 31 -42 41 -30 29 imp:n=1
244 244 -1.0000 -32 31 43 42 -30 29 imp:n=1
245 245 -1.0000 -32 31 44 -43 -30 29 imp:n=1
246 246 -1.0000 -32 31 45 -44 -30 29 imp:n=1
247 247 -1.0000 -32 31 46 -45 -30 29 imp:n=1
248 248 -1.0000 -32 31 47 -46 -30 29 imp:n=1
249 249 -1.0000 -32 31 48 -47 -30 29 imp:n=1
250 250 -1.0000 -32 31 49 -48 -30 29 imp:n=1
251 251 -1.0000 -32 31 50 -49 -30 29 imp:n=1
252 252 -1.0000 -32 31 -51 -50 -30 29 imp:n=1
253 253 -1.0000 -32 31 -52 51 -30 29 imp:n=1
254 254 -1.0000 -32 31 -53 52 -30 29 imp:n=1
255 255 -1.0000 -32 31 -54 53 -30 29 imp:n=1
256 256 -1.0000 -32 31 -55 54 -30 29 imp:n=1
257 257 -1.0000 -33 32 -40 39 -30 29 imp:n=1
258 258 -1.0000 -33 32 -41 40 -30 29 imp:n=1
259 259 -1.0000 -33 32 -42 41 -30 29 imp:n=1
260 260 -1.0000 -33 32 43 42 -30 29 imp:n=1
261 261 -1.0000 -33 32 44 -43 -30 29 imp:n=1
262 262 -1.0000 -33 32 45 -44 -30 29 imp:n=1
263 263 -1.0000 -33 32 46 -45 -30 29 imp:n=1
264 264 -1.0000 -33 32 47 -46 -30 29 imp:n=1
265 265 -1.0000 -33 32 48 -47 -30 29 imp:n=1
266 266 -1.0000 -33 32 49 -48 -30 29 imp:n=1
267 267 -1.0000 -33 32 50 -49 -30 29 imp:n=1
268 268 -1.0000 -33 32 -51 -50 -30 29 imp:n=1
269 269 -1.0000 -33 32 -52 51 -30 29 imp:n=1
270 270 -1.0000 -33 32 -53 52 -30 29 imp:n=1
271 271 -1.0000 -33 32 -54 53 -30 29 imp:n=1
272 272 -1.0000 -33 32 -55 54 -30 29 imp:n=1
273 273 -1.0000 -34 33 -40 39 -30 29 imp:n=1
274 274 -1.0000 -34 33 -41 40 -30 29 imp:n=1
275 275 -1.0000 -34 33 -42 41 -30 29 imp:n=1
276 276 -1.0000 -34 33 43 42 -30 29 imp:n=1
277 277 -1.0000 -34 33 44 -43 -30 29 imp:n=1
278 278 -1.0000 -34 33 45 -44 -30 29 imp:n=1
279 279 -1.0000 -34 33 46 -45 -30 29 imp:n=1
280 280 -1.0000 -34 33 47 -46 -30 29 imp:n=1
281 281 -1.0000 -34 33 48 -47 -30 29 imp:n=1
282 282 -1.0000 -34 33 49 -48 -30 29 imp:n=1
283 283 -1.0000 -34 33 50 -49 -30 29 imp:n=1
284 284 -1.0000 -34 33 -51 -50 -30 29 imp:n=1
285 285 -1.0000 -34 33 -52 51 -30 29 imp:n=1
286 286 -1.0000 -34 33 -53 52 -30 29 imp:n=1
287 287 -1.0000 -34 33 -54 53 -30 29 imp:n=1
288 288 -1.0000 -34 33 -55 54 -30 29 imp:n=1
289 289 -1.0000 -35 34 -40 39 -30 29 imp:n=1
290 290 -1.0000 -35 34 -41 40 -30 29 imp:n=1
291 291 -1.0000 -35 34 -42 41 -30 29 imp:n=1
292 292 -1.0000 -35 34 43 42 -30 29 imp:n=1
293 293 -1.0000 -35 34 44 -43 -30 29 imp:n=1
294 294 -1.0000 -35 34 45 -44 -30 29 imp:n=1
295 295 -1.0000 -35 34 46 -45 -30 29 imp:n=1
296 296 -1.0000 -35 34 47 -46 -30 29 imp:n=1
297 297 -1.0000 -35 34 48 -47 -30 29 imp:n=1
298 298 -1.0000 -35 34 49 -48 -30 29 imp:n=1
299 299 -1.0000 -35 34 50 -49 -30 29 imp:n=1
300 300 -1.0000 -35 34 -51 -50 -30 29 imp:n=1
301 301 -1.0000 -35 34 -52 51 -30 29 imp:n=1
302 302 -1.0000 -35 34 -53 52 -30 29 imp:n=1
303 303 -1.0000 -35 34 -54 53 -30 29 imp:n=1
304 304 -1.0000 -35 34 -55 54 -30 29 imp:n=1
305 305 -1.0000 -36 35 -40 39 -30 29 imp:n=1
306 306 -1.0000 -36 35 -41 40 -30 29 imp:n=1
307 307 -1.0000 -36 35 -42 41 -30 29 imp:n=1
308 308 -1.0000 -36 35 43 42 -30 29 imp:n=1
309 309 -1.0000 -36 35 44 -43 -30 29 imp:n=1
310 310 -1.0000 -36 35 45 -44 -30 29 imp:n=1
311 311 -1.0000 -36 35 46 -45 -30 29 imp:n=1
312 312 -1.0000 -36 35 47 -46 -30 29 imp:n=1
313 313 -1.0000 -36 35 48 -47 -30 29 imp:n=1
314 314 -1.0000 -36 35 49 -48 -30 29 imp:n=1
315 315 -1.0000 -36 35 50 -49 -30 29 imp:n=1
316 316 -1.0000 -36 35 -51 -50 -30 29 imp:n=1
317 317 -1.0000 -36 35 -52 51 -30 29 imp:n=1
318 318 -1.0000 -36 35 -53 52 -30 29 imp:n=1
319 319 -1.0000 -36 35 -54 53 -30 29 imp:n=1
320 320 -1.0000 -36 35 -55 54 -30 29 imp:n=1
321 321 -1.0000 -37 36 -40 39 -30 29 imp:n=1
322 322 -1.0000 -37 36 -41 40 -30 29 imp:n=1
323 323 -1.0000 -37 36 -42 41 -30 29 imp:n=1
324 324 -1.0000 -37 36 43 42 -30 29 imp:n=1
325 325 -1.0000 -37 36 44 -43 -30 29 imp:n=1
326 326 -1.0000 -37 36 45 -44 -30 29 imp:n=1
327 327 -1.0000 -37 36 46 -45 -30 29 imp:n=1
328 328 -1.0000 -37 36 47 -46 -30 29 imp:n=1
329 329 -1.0000 -37 36 48 -47 -30 29 imp:n=1
330 330 -1.0000 -37 36 49 -48 -30 29 imp:n=1
331 331 -1.0000 -37 36 50 -49 -30 29 imp:n=1
332 332 -1.0000 -37 36 -51 -50 -30 29 imp:n=1
333 333 -1.0000 -37 36 -52 51 -30 29 imp:n=1
334 334 -1.0000 -37 36 -53 52 -30 29 imp:n=1
335 335 -1.0000 -37 36 -54 53 -30 29 imp:n=1
336 336 -1.0000 -37 36 -55 54 -30 29 imp:n=1
337 337 -1.0000 -38 37 -40 39 -30 29 imp:n=1
338 338 -1.0000 -38 37 -41 40 -30 29 imp:n=1
339 339 -1.0000 -38 37 -42 41 -30 29 imp:n=1
340 340 -1.0000 -38 37 43 42 -30 29 imp:n=1
341 341 -1.0000 -38 37 44 -43 -30 29 imp:n=1
342 342 -1.0000 -38 37 45 -44 -30 29 imp:n=1
343 343 -1.0000 -38 37 46 -45 -30 29 imp:n=1
344 344 -1.0000 -38 37 47 -46 -30 29 imp:n=1
345 345 -1.0000 -38 37 48 -47 -30 29 imp:n=1
346 346 -1.0000 -38 37 49 -48 -30 29 imp:n=1
347 347 -1.0000 -38 37 50 -49 -30 29 imp:n=1
348 348 -1.0000 -38 37 -51 -50 -30 29 imp:n=1
349 349 -1.0000 -38 37 -52 51 -30 29 imp:n=1
350 350 -1.0000 -38 37 -53 52 -30 29 imp:n=1
351 351 -1.0000 -38 37 -54 53 -30 29 imp:n=1
352 352 -1.0000 -38 37 -55 54 -30 29 imp:n=1
353 353 -1.0000 56 -57 -58 59 60 -61 62 imp:n=1
354 354 -1.0000 63 -64 -65 66 67 -68 imp:n=1
355 355 -1.0000 69 -70 -71 72 73 -74 imp:n=1
356 356 -1.0000 75 -76 -77 78 79 -80 imp:n=1
357 357 -1.0000 81 -82 -83 84 85 -86 imp:n=1
358 358 -1.0000 87 -88 -89 90 91 -92 93 imp:n=1
359 359 -1.0000 94 -95 -96 97 98 -99 imp:n=1
360 360 -1.0000 100 -101 -102 103 104 -105 imp:n=1
361 361 -1.0000 106 -107 -108 109 110 -111 imp:n=1
362 362 -1.0000 112 -113 -114 115 116 -117 118 imp:n=1
363 363 -1.0000 119 -120 -121 122 123 -124 imp:n=1
364 364 -1.0000 125 -126 -127 128 129 -130 imp:n=1
365 365 -1.0000 131 -132 -133 134 135 -136 137 imp:n=1
366 366 -1.0000 138 -139 -140 141 142 -143 imp:n=1
367 367 -1.0000 144 -145 -146 147 148 -149 150 imp:n=1
368 368 -1.0000 151 -152 -153 154 155 -156 157 imp:n=1
369 369 -1.0000 158 -159 -160 161 162 -163 imp:n=1
370 370 -1.0000 164 -165 -166 167 168 -169 imp:n=1
371 371 -1.0000 170 -171 -172 173 174 -175 imp:n=1
372 372 -1.0000 176 -177 -178 179 180 -181 imp:n=1
373 373 -1.0000 182 -183 -184 185 186 -187 188 imp:n=1
374 374 -1.0000 189 -190 -191 192 193 -194 imp:n=1
375 375 -1.0000 195 -196 -197 198 199 -200 imp:n=1
376 376 -1.0000 201 -202 -203 204 205 -206 imp:n=1
377 377 -1.0000 207 -208 -209 210 211 -212 213 imp:n=1
378 378 -1.0000 214 -215 -216 217 218 -219 imp:n=1
379 379 -1.0000 220 -221 -222 223 224 -225 imp:n=1
380 380 -1.0000 226 -227 -228 229 230 -231 232 imp:n=1
381 381 -1.0000 233 -234 -235 236 237 -238 imp:n=1
382 382 -1.0000 239 -240 -241 242 243 -244 245 imp:n=1
383 383 1.0000 -246 247 -248 249 250 -251 252 imp:n=1
384 384 -1.0000 -253 254 -255 256 257 -258 imp:n=1
385 385 -1.0000 -259 260 -261 262 263 -264 imp:n=1
386 386 -1.0000 -265 266 -267 268 269 -270 imp:n=1
387 387 -1.0000 -271 272 -273 274 275 -276 imp:n=1
388 388 1.0000 -277 278 -279 280 281 -282 283 imp:n=1
389 389 -1.0000 -284 285 -286 287 288 -289 imp:n=1
390 390 -1.0000 -290 291 -292 293 294 -295 imp:n=1
391 391 -1.0000 -296 297 -298 299 300 -301 imp:n=1
392 392 1.0000 -302 303 -304 305 306 -307 308 imp:n=1
393 393 -1.0000 -309 310 -311 312 313 -314 imp:n=1
394 394 -1.0000 -315 316 -317 318 319 -320 imp:n=1
395 395 1.0000 -321 322 -323 324 325 -326 327 imp:n=1
396 396 -1.0000 -328 329 -330 331 332 -333 imp:n=1
397 397 1.0000 -334 335 -336 337 338 -339 340 imp:n=1
398 398 1.0000 -341 342 -343 344 345 -346 347 imp:n=1
399 399 -1.0000 -348 349 -350 351 352 -353 imp:n=1
400 400 -1.0000 -354 355 -356 357 358 -359 imp:n=1
401 401 -1.0000 -360 361 -362 363 364 -365 imp:n=1
402 402 -1.0000 -366 367 -368 369 370 -371 imp:n=1
403 403 1.0000 -372 373 -374 375 376 -377 378 imp:n=1
404 404 -1.0000 -379 380 -381 382 383 -384 imp:n=1
405 405 -1.0000 -385 386 -387 388 389 -390 imp:n=1
406 406 -1.0000 -391 392 -393 394 395 -396 imp:n=1
407 407 1.0000 -397 398 -399 400 401 -402 403 imp:n=1
408 408 -1.0000 -404 405 -406 407 408 -409 imp:n=1
409 409 -1.0000 -410 411 -412 413 414 -415 imp:n=1
410 410 1.0000 -416 417 -418 419 420 -421 422 imp:n=1
411 411 -1.0000 -423 424 -425 426 427 -428 imp:n=1
412 412 1.0000 -429 430 -431 432 433 -434 435 imp:n=1
413 413 1.0000 -436 437 438 -439 440 -441 442 imp:n=1
414 414 -1.0000 -443 444 445 -446 447 -448 imp:n=1
415 415 -1.0000 -449 450 451 -452 453 -454 imp:n=1
416 416 -1.0000 -455 456 457 -458 459 -460 imp:n=1
417 417 -1.0000 -461 462 463 -464 465 -466 imp:n=1
418 418 1.0000 -467 468 469 -470 471 -472 473 imp:n=1
419 419 -1.0000 -474 475 476 -477 478 -479 imp:n=1
420 420 -1.0000 -480 481 482 -483 484 -485 imp:n=1
421 421 -1.0000 -486 487 488 -489 490 -491 imp:n=1
422 422 1.0000 -492 493 494 -495 496 -497 498 imp:n=1
423 423 -1.0000 -499 500 501 -502 503 -504 imp:n=1
424 424 -1.0000 -505 506 507 -508 509 -510 imp:n=1
425 425 1.0000 -511 512 513 -514 515 -516 517 imp:n=1
426 426 -1.0000 -518 519 520 -521 522 -523 imp:n=1
427 427 1.0000 -524 525 526 -527 528 -529 530 imp:n=1
428 428 1.0000 -531 532 533 -534 535 -536 537 imp:n=1
429 429 -1.0000 -538 539 540 -541 542 -543 imp:n=1
430 430 -1.0000 -544 545 546 -547 548 -549 imp:n=1
431 431 -1.0000 -550 551 552 -553 554 -555 imp:n=1
432 432 -1.0000 -556 557 558 -559 560 -561 imp:n=1
433 433 1.0000 -562 563 564 -565 566 -567 568 imp:n=1
434 434 -1.0000 -569 570 571 -572 573 -574 imp:n=1
435 435 -1.0000 -575 576 577 -578 579 -580 imp:n=1
436 436 -1.0000 -581 582 583 -584 585 -586 imp:n=1
437 437 1.0000 -587 588 589 -590 591 -592 593 imp:n=1
438 438 -1.0000 -594 595 596 -597 598 -599 imp:n=1
439 439 -1.0000 -600 601 602 -603 604 -605 imp:n=1
440 440 1.0000 -606 607 608 -609 610 -611 612 imp:n=1
441 441 -1.0000 -613 614 615 -616 617 -618 imp:n=1
442 442 1.0000 -619 620 621 -622 623 -624 625 imp:n=1
443 443 1.0000 626 -627 628 -629 630 -631 632 imp:n=1
444 444 -1.0000 633 -634 635 -636 637 -638 imp:n=1
445 445 -1.0000 639 -640 641 -642 643 -644 imp:n=1
446 446 -1.0000 645 -646 647 -648 649 -650 imp:n=1
447 447 -1.0000 651 -652 653 -654 655 -656 imp:n=1
448 448 1.0000 657 -658 659 -660 661 -662 663 imp:n=1
449 449 -1.0000 664 -665 666 -667 668 -669 imp:n=1
450 450 -1.0000 670 -671 672 -673 674 -675 imp:n=1
451 451 -1.0000 676 -677 678 -679 680 -681 imp:n=1
452 452 1.0000 682 -683 684 -685 686 -687 688 imp:n=1
453 453 -1.0000 689 -690 691 -692 693 -694 imp:n=1
454 454 -1.0000 695 -696 697 -698 699 -700 imp:n=1
455 455 1.0000 701 -702 703 -704 705 -706 707 imp:n=1
456 456 -1.0000 708 -709 710 -711 712 -713 imp:n=1
457 457 1.0000 714 -715 716 -717 718 -719 720 imp:n=1
458 458 1.0000 721 -722 723 -724 725 -726 727 imp:n=1
459 459 -1.0000 728 -729 730 -731 732 -733 imp:n=1
460 460 -1.0000 734 -735 736 -737 738 -739 imp:n=1
461 461 -1.0000 740 -741 742 -743 744 -745 imp:n=1
462 462 -1.0000 746 -747 748 -749 750 -751 imp:n=1
463 463 1.0000 752 -753 754 -755 756 -757 758 imp:n=1
464 464 -1.0000 759 -760 761 -762 763 -764 imp:n=1
465 465 -1.0000 765 -766 767 -768 769 -770 imp:n=1
466 466 -1.0000 771 -772 773 -774 775 -776 imp:n=1
467 467 1.0000 777 -778 779 -780 781 -782 783 imp:n=1
468 468 -1.0000 784 -785 786 -787 788 -789 imp:n=1
469 469 -1.0000 790 -791 792 -793 794 -795 imp:n=1
470 470 1.0000 796 -797 798 -799 800 -801 802 imp:n=1
471 471 -1.0000 803 -804 805 -806 807 -808 imp:n=1
472 472 1.0000 809 -810 811 -812 813 -814 815 imp:n=1
473 473 -1.0000 816 -817 818 -819 820 -821 imp:n=1
474 474 -1.0000 822 -823 824 -825 826 -827 imp:n=1
475 475 -1.0000 828 -829 830 -831 832 -833 imp:n=1
476 476 -1.0000 834 -835 836 -837 838 -839 imp:n=1
477 477 -1.0000 840 -841 842 -843 844 -845 imp:n=1
478 478 -1.0000 846 -847 848 -849 850 -851 imp:n=1
479 479 -1.0000 852 -853 854 -855 856 -857 imp:n=1
480 480 -1.0000 858 -859 860 -861 862 -863 imp:n=1
481 481 -1.0000 864 -865 866 -867 868 -869 imp:n=1
482 482 -1.0000 870 -871 872 -873 874 -875 imp:n=1
483 483 -1.0000 876 -877 878 -879 880 -881 imp:n=1
484 484 -1.0000 882 -883 884 -885 886 -887 imp:n=1
485 485 -1.0000 888 -889 890 -891 892 -893 imp:n=1
486 486 -1.0000 894 -895 896 -897 898 -899 imp:n=1
487 487 -1.0000 900 -901 902 -903 904 -905 imp:n=1
488 488 -1.0000 906 -907 908 -909 910 -911 imp:n=1
489 489 -1.0000 912 -913 914 -915 916 -917 imp:n=1
490 490 -1.0000 918 -919 920 -921 922 -923 imp:n=1
491 491 -1.0000 924 -925 926 -927 928 -929 imp:n=1
492 492 -1.0000 930 -931 932 -933 934 -935 imp:n=1
493 493 -1.0000 936 -937 938 -939 940 -941 imp:n=1
494 494 -1.0000 942 -943 944 -945 946 -947 imp:n=1
495 495 -1.0000 948 -949 950 -951 952 -953 imp:n=1
496 496 -1.0000 954 -955 956 -957 958 -959 imp:n=1
497 497 -1.0000 960 -961 962 -963 964 -965 imp:n=1
498 498 -1.0000 966 -967 968 -969 970 -971 imp:n=1
499 499 -1.0000 972 -973 974 -975 976 -977 imp:n=1
500 500 -1.0000 978 -979 980 -981 982 -983 imp:n=1
501 501 -1.0000 984 -985 986 -987 988 -989 imp:n=1
502 502 -1.0000 990 -991 992 -993 994 -995 imp:n=1
503 503 -1.0000 996 -997 998 -999 1000 -1001 imp:n=1
504 504 -1.0000 1002 -1003 1004 -1005 1006 -1007 imp:n=1
505 505 -1.0000 1008 -1009 1010 -1011 1012 -1013 imp:n=1
506 506 -1.0000 1014 -1015 1016 -1017 1018 -1019 imp:n=1
507 507 -1.0000 1020 -1021 1022 -1023 1024 -1025 imp:n=1
508 508 -1.0000 1026 -1027 1028 -1029 1030 -1031 imp:n=1
509 509 -1.0000 1032 -1033 1034 -1035 1036 -1037 imp:n=1
510 510 -1.0000 1038 -1039 1040 -1041 1042 -1043 imp:n=1
511 511 -1.0000 1044 -1045 1046 -1047 1048 -1049 imp:n=1
512 512 -1.0000 1050 -1051 1052 -1053 1054 -1055 imp:n=1
513 513 -1.0000 1056 -1057 1058 -1059 1060 -1061 imp:n=1
514 514 -1.0000 1062 -1063 1064 -1065 1066 -1067 imp:n=1
515 515 -1.0000 1068 -1069 1070 -1071 1072 -1073 imp:n=1
516 516 -1.0000 1074 -1075 1076 -1077 1078 -1079 imp:n=1
517 517 -1.0000 1080 -1081 1082 -1083 1084 -1085 imp:n=1
518 518 -1.0000 1086 -1087 1088 -1089 1090 -1091 imp:n=1
519 519 -1.0000 1092 -1093 1094 -1095 1096 -1097 imp:n=1
520 520 -1.0000 1098 -1099 1100 -1101 1102 -1103 imp:n=1
521 521 -1.0000 1104 -1105 1106 -1107 1108 -1109 imp:n=1
522 522 -1.0000 1110 -1111 1112 -1113 1114 -1115 imp:n=1
523 523 -1.0000 1116 -1117 1118 -1119 1120 -1121 imp:n=1
524 524 -1.0000 1122 -1123 1124 -1125 1126 -1127 imp:n=1
525 525 -1.0000 1128 -1129 1130 -1131 1132 -1133 imp:n=1
526 526 -1.0000 1134 -1135 1136 -1137 1138 -1139 imp:n=1
527 527 -1.0000 1140 -1141 1142 -1143 1144 -1145 imp:n=1
528 528 -1.0000 1146 -1147 1148 -1149 1150 -1151 imp:n=1
529 529 -1.0000 1152 -1153 1154 -1155 1156 -1157 imp:n=1
530 530 -1.0000 1158 -1159 1160 -1161 1162 -1163 imp:n=1
531 531 -1.0000 1164 -1165 1166 -1167 1168 -1169 imp:n=1
532 532 -1.0000 1170 -1171 1172 -1173 1174 -1175 imp:n=1
533 533 -1.0000 1176 -1177 1178 -1179 1180 -1181 imp:n=1
534 534 -1.0000 1182 -1183 1184 -1185 1186 -1187 imp:n=1
535 535 -1.0000 1188 -1189 1190 -1191 1192 -1193 imp:n=1
536 536 -1.0000 1194 -1195 1196 -1197 1198 -1199 imp:n=1
537 537 -1.0000 1200 -1201 1202 -1203 1204 -1205 imp:n=1
538 538 -1.0000 1206 -1207 1208 -1209 1210 -1211 imp:n=1
539 539 -1.0000 1212 -1213 1214 -1215 1216 -1217 imp:n=1
540 540 -1.0000 1218 -1219 1220 -1221 1222 -1223 imp:n=1
541 541 -1.0000 1224 -1225 1226 -1227 1228 -1229 imp:n=1
542 542 -1.0000 1230 -1231 1232 -1233 1234 -1235 imp:n=1
543 543 -1.0000 1236 -1237 1238 -1239 1240 -1241 imp:n=1
544 544 -1.0000 1242 -1243 1244 -1245 1246 -1247 imp:n=1
545 545 -1.0000 1248 -1249 1250 -1251 1252 -1253 imp:n=1
546 546 -1.0000 1254 -1255 1256 -1257 1258 -1259 imp:n=1
547 547 -1.0000 1260 -1261 1262 -1263 1264 -1265 imp:n=1
548 548 -1.0000 1266 -1267 1268 -1269 1270 -1271 imp:n=1
549 549 -1.0000 1272 -1273 1274 -1275 1276 -1277 imp:n=1
550 550 -1.0000 1278 -1279 1280 -1281 1282 -1283 imp:n=1
551 551 -1.0000 1284 -1285 1286 -1287 1288 -1289 imp:n=1
552 552 -1.0000 1290 -1291 1292 -1293 1294 -1295 imp:n=1
553 553 -1.0000 1296 -1297 1298 -1299 1300 -1301 imp:n=1
554 554 -1.0000 1302 -1303 1304 -1305 1306 -1307 imp:n=1
555 555 -1.0000 1308 -1309 1310 -1311 1312 -1313 imp:n=1
556 556 -1.0000 1314 -1315 1316 -1317 1318 -1319 imp:n=1
557 557 -1.0000 1320 -1321 1322 -1323 1324 -1325 imp:n=1
558 558 -1.0000 1326 -1327 1328 -1329 1330 -1331 imp:n=1
559 559 -1.0000 1332 -1333 1334 -1335 1336 -1337 imp:n=1
560 560 -1.0000 1338 -1339 1340 -1341 1342 -1343 imp:n=1
561 561 -1.0000 1344 -1345 1346 -1347 1348 -1349 imp:n=1
562 562 -1.0000 1350 -1351 1352 -1353 1354 -1355 imp:n=1
563 563 -1.0000 1356 -1357 1358 -1359 1360 -1361 imp:n=1
564 564 -1.0000 1362 -1363 1364 -1365 1366 -1367 imp:n=1
565 565 -1.0000 1368 -1369 1370 -1371 1372 -1373 imp:n=1
566 566 -1.0000 1374 -1375 1376 -1377 1378 -1379 imp:n=1
567 567 -1.0000 1380 -1381 1382 -1383 1384 -1385 imp:n=1
568 568 -1.0000 1386 -1387 1388 -1389 1390 -1391 imp:n=1
569 569 -1.0000 1392 -1393 1394 -1395 1396 -1397 imp:n=1
570 570 -1.0000 1398 -1399 1400 -1401 1402 -1403 imp:n=1
571 571 -1.0000 1404 -1405 1406 -1407 1408 -1409 imp:n=1
572 572 -1.0000 1410 -1411 1412 -1413 1414 -1415 imp:n=1
573 573 -1.0000 1416 -1417 1418 -1419 1420 -1421 imp:n=1
574 574 -1.0000 1422 -1423 1424 -1425 1426 -1427 imp:n=1
575 575 -1.0000 1428 -1429 1430 -1431 1432 -1433 imp:n=1
576 576 -1.0000 1434 -1435 1436 -1437 1438 -1439 imp:n=1
577 577 -1.0000 1440 -1441 1442 -1443 1444 -1445 imp:n=1
578 578 -1.0000 1446 -1447 1448 -1449 1450 -1451 imp:n=1
579 579 -1.0000 1452 -1453 1454 -1455 1456 -1457 imp:n=1
580 580 -1.0000 1458 -1459 1460 -1461 1462 -1463 imp:n=1
581 581 -1.0000 1464 -1465 1466 -1467 1468 -1469 imp:n=1
582 582 -1.0000 1470 -1471 1472 -1473 1474 -1475 imp:n=1
583 583 -1.0000 1476 -1477 1478 -1479 1480 -1481 imp:n=1
584 584 -1.0000 1482 -1483 1484 -1485 1486 -1487 imp:n=1
585 585 -1.0000 1488 -1489 1490 -1491 1492 -1493 imp:n=1
586 586 -1.0000 1494 -1495 1496 -1497 1498 -1499 imp:n=1
587 587 -1.0000 1500 -1501 1502 -1503 1504 -1505 imp:n=1
588 588 -1.0000 1506 -1507 1508 -1509 1510 -1511 imp:n=1
589 589 -1.0000 1512 -1513 1514 -1515 1516 -1517 imp:n=1
590 590 -1.0000 1518 -1519 1520 -1521 1522 -1523 imp:n=1
591 591 -1.0000 1524 -1525 1526 -1527 1528 -1529 imp:n=1
592 592 -1.0000 1530 -1531 1532 -1533 1534 -1535 imp:n=1
593 593 -1.0000 1536 -1537 1538 -1539 1540 -1541 imp:n=1
594 594 -1.0000 1542 -1543 1544 -1545 1546 -1547 imp:n=1
595 595 -1.0000 1548 -1549 1550 -1551 1552 -1553 imp:n=1
596 596 -1.0000 1554 -1555 1556 -1557 1558 -1559 imp:n=1
597 597 -1.0000 1560 -1561 1562 -1563 1564 -1565 imp:n=1
598 598 -1.0000 1566 -1567 1568 -1569 1570 -1571 imp:n=1
599 599 -1.0000 1572 -1573 1574 -1575 1576 -1577 imp:n=1
600 600 -1.0000 1578 -1579 1580 -1581 1582 -1583 imp:n=1
601 601 -1.0000 1584 -1585 1586 -1587 1588 -1589 imp:n=1
602 602 -1.0000 1590 -1591 1592 -1593 1594 -1595 imp:n=1
603 603 -1.0000 1596 -1597 1598 -1599 1600 -1601 imp:n=1
604 604 -1.0000 1602 -1603 1604 -1605 1606 -1607 imp:n=1
605 605 -1.0000 1608 -1609 1610 -1611 1612 -1613 imp:n=1
606 606 -1.0000 1614 -1615 1616 -1617 1618 -1619 imp:n=1
607 607 -1.0000 1620 -1621 1622 -1623 1624 -1625 imp:n=1
608 608 -1.0000 1626 -1627 1628 -1629 1630 -1631 imp:n=1
609 609 -1.0000 1632 -1633 1634 -1635 1636 -1637 imp:n=1
610 610 -1.0000 1638 -1639 1640 -1641 1642 -1643 imp:n=1
611 611 -1.0000 1644 -1645 1646 -1647 1648 -1649 imp:n=1
612 612 -1.0000 1650 -1651 1652 -1653 1654 -1655 imp:n=1
613 613 -1.0000 1656 -1657 1658 -1659 1660 -1661 imp:n=1
614 614 -1.0000 1662 -1663 1664 -1665 1666 -1667 imp:n=1
615 615 -1.0000 1668 -1669 1670 -1671 1672 -1673 imp:n=1
616 616 -1.0000 1674 -1675 1676 -1677 1678 -1679 imp:n=1
617 617 -1.0000 1680 -1681 1682 -1683 1684 -1685 imp:n=1
618 618 -1.0000 1686 -1687 1688 -1689 1690 -1691 imp:n=1
619 619 -1.0000 1692 -1693 1694 -1695 1696 -1697 imp:n=1
620 620 -1.0000 1698 -1699 1700 -1701 1702 -1703 imp:n=1
621 621 -1.0000 1704 -1705 1706 -1707 1708 -1709 imp:n=1
622 622 -1.0000 1710 -1711 1712 -1713 1714 -1715 imp:n=1
623 623 -1.0000 1716 -1717 1718 -1719 1720 -1721 imp:n=1
624 624 -1.0000 1722 -1723 1724 -1725 1726 -1727 imp:n=1
625 625 -1.0000 1728 -1729 1730 -1731 1732 -1733 imp:n=1
626 626 -1.0000 1734 -1735 1736 -1737 1738 -1739 imp:n=1
627 627 -1.0000 1740 -1741 1742 -1743 1744 -1745 imp:n=1
628 628 -1.0000 1746 -1747 1748 -1749 1750 -1751 imp:n=1
629 629 -1.0000 1752 -1753 1754 -1755 1756 -1757 imp:n=1
630 630 -1.0000 1758 -1759 1760 -1761 1762 -1763 imp:n=1
631 631 -1.0000 1764 -1765 1766 -1767 1768 -1769 imp:n=1
632 632 -1.0000 1770 -1771 1772 -1773 1774 -1775 imp:n=1
633 633 -1.0000 1776 -1777 1778 -1779 1780 -1781 imp:n=1
634 634 -1.0000 1782 -1783 1784 -1785 1786 -1787 imp:n=1
635 635 -1.0000 1788 -1789 1790 -1791 1792 -1793 imp:n=1
636 636 -1.0000 1794 -1795 1796 -1797 1798 -1799 imp:n=1
637 637 -1.0000 1800 -1801 1802 -1803 1804 -1805 imp:n=1
638 638 -1.0000 1806 -1807 1808 -1809 1810 -1811 imp:n=1
639 639 -1.0000 1812 -1813 1814 -1815 1816 -1817 imp:n=1
640 640 -1.0000 1818 -1819 1820 -1821 1822 -1823 imp:n=1
641 641 -1.0000 1824 -1825 1826 -1827 1828 -1829 imp:n=1
642 642 -1.0000 1830 -1831 1832 -1833 1834 -1835 imp:n=1
643 643 -1.0000 1836 -1837 1838 -1839 1840 -1841 imp:n=1
644 644 -1.0000 1842 -1843 1844 -1845 1846 -1847 imp:n=1
645 645 -1.0000 1848 -1849 1850 -1851 1852 -1853 imp:n=1
646 646 -1.0000 1854 -1855 1856 -1857 1858 -1859 imp:n=1
647 647 -1.0000 1860 -1861 1862 -1863 1864 -1865 imp:n=1
648 648 -1.0000 1866 -1867 1868 -1869 1870 -1871 imp:n=1
649 649 -1.0000 1872 -1873 1874 -1875 1876 -1877 imp:n=1
650 650 -1.0000 1878 -1879 1880 -1881 1882 -1883 imp:n=1
651 651 -1.0000 1884 -1885 1886 -1887 1888 -1889 imp:n=1
652 652 -1.0000 1890 -1891 1892 -1893 1894 -1895 imp:n=1
653 653 -1.0000 1896 -1897 1898 -1899 1900 -1901 imp:n=1
654 654 -1.0000 1902 -1903 1904 -1905 1906 -1907 imp:n=1
655 655 -1.0000 1908 -1909 1910 -1911 1912 -1913 imp:n=1
656 656 -1.0000 1914 -1915 1916 -1917 1918 -1919 imp:n=1
657 657 -1.0000 1920 -1921 1922 -1923 1924 -1925 imp:n=1
658 658 -1.0000 1926 -1927 1928 -1929 1930 -1931 imp:n=1
659 659 -1.0000 1932 -1933 1934 -1935 1936 -1937 imp:n=1
660 660 -1.0000 1938 -1939 1940 -1941 1942 -1943 imp:n=1
661 661 -1.0000 1944 -1945 1946 -1947 1948 -1949 imp:n=1
662 662 -1.0000 1950 -1951 1952 -1953 1954 -1955 imp:n=1
663 663 -1.0000 1956 -1957 1958 -1959 1960 -1961 imp:n=1
664 664 -1.0000 1962 -1963 1964 -1965 1966 -1967 imp:n=1
665 665 -1.0000 1968 -1969 1970 -1971 1972 -1973 imp:n=1
666 666 -1.0000 1974 -1975 1976 -1977 1978 -1979 imp:n=1
667 667 -1.0000 1980 -1981 1982 -1983 1984 -1985 imp:n=1
668 668 -1.0000 1986 -1987 1988 -1989 1990 -1991 imp:n=1
669 669 -1.0000 1992 -1993 1994 -1995 1996 -1997 imp:n=1
670 670 -1.0000 1998 -1999 2000 -2001 2002 -2003 imp:n=1
671 671 -1.0000 2004 -2005 2006 -2007 2008 -2009 imp:n=1
672 672 -1.0000 2010 -2011 2012 -2013 2014 -2015 imp:n=1
673 673 -1.0000 2016 -2017 2018 -2019 2020 -2021 imp:n=1
674 674 -1.0000 2022 -2023 2024 -2025 2026 -2027 imp:n=1
675 675 -1.0000 2028 -2029 2030 -2031 2032 -2033 imp:n=1
676 676 -1.0000 2034 -2035 2036 -2037 2038 -2039 imp:n=1
677 677 -1.0000 2040 -2041 2042 -2043 2044 -2045 imp:n=1
678 678 -1.0000 2046 -2047 2048 -2049 2050 -2051 imp:n=1
679 679 -1.0000 2052 -2053 2054 -2055 2056 -2057 imp:n=1
680 680 -1.0000 2058 -2059 2060 -2061 2062 -2063 imp:n=1
1000 0 -99000:99001:-99002:99003:-1:3 imp:n=0

c surface card
1 pz 0.0000
2 pz 5.0000
3 pz 10.0000
4 c/z 0.0000 0.0000 0.5000
5 c/z 0.0000 0.0000 1.0000
6 p -0.0000 1.0000 0.0000 0.0000
7 p 1.0000 0.0000 0.0000 0.0000
8 p 0.0000 1.0000 0.0000 0.0000
9 p 1.0000 0.0000 0.0000 0.0000
10 p 0.0000 1.0000 0.0000 0.0000
11 pz 0.0000
12 pz 5.0000
13 pz 10.0000
14 c/z 0.0000 0.0000 1.8000
15 c/z 0.0000 0.0000 2.6000
16 c/z 0.0000 0.0000 3.4000
17 c/z 0.0000 0.0000 4.2000
18 c/z 0.0000 0.0000 5.0000
19 p -0.0000 1.0000 0.0000 0.0000
20 p -1.0000 1.0000 0.0000 0.0000
21 p 1.0000 0.0000 0.0000 0.0000
22 p 1.0000 1.0000 0.0000 0.0000
23 p 0.0000 1.0000 0.0000 0.0000
24 p -1.0000 1.0000 0.0000 0.0000
25 p 1.0000 0.0000 0.0000 0.0000
26 p 1.0000 1.0000 0.0000 0.0000
27 p 0.0000 1.0000 0.0000 0.0000
28 pz 0.0000
29 pz 5.0000
30 pz 10.0000
31 c/z 0.0000 0.0000 5.5000
32 c/z 0.0000 0.0000 6.0000
33 c/z 0.0000 0.0000 6.5000
34 c/z 0.0000 0.0000 7.0000
35 c/z 0.0000 0.0000 7.5000
36 c/z 0.0000 0.0000 8.0000
37 c/z 0.0000 0.0000 8.5000
38 c/z 0.0000 0.0000 9.0000
39 p -0.0000 1.0000 0.0000 0.0000
40 p -0.4142 1.0000 0.0000 0.0000
41 p -1.0000 1.0000 0.0000 0.0000
42 p -2.4142 1.0000 0.0000 0.0000
43 p 1.0000 0.0000 0.0000 0.0000
44 p 2.4142 1.0000 0.0000 0.0000
45 p 1.0000 1.0000 0.0000 0.0000
46 p 0.4142 1.0000 0.0000 0.0000
47 p 0.0000 1.0000 0.0000 0.0000
48 p -0.4142 1.0000 0.0000 0.0000
49 p -1.0000 1.0000 0.0000 0.0000
50 p -2.4142 1.0000 0.0000 0.0000
51 p 1.0000 0.0000 0.0000 0.0000
52 p 2.4142 1.0000 0.0000 0.0000
53 p 1.0000 1.0000 0.0000 0.0000
54 p 0.4142 1.0000 0.0000 0.0000
55 p 0.0000 1.0000 0.0000 0.0000
56 px 0.000000
57 px 1.800000
58 py 9.000000
59 py 8.818163
60 pz 0.000000
61 pz 5.000000
62 c/z 0.0000 0.0000 9.000000
63 px 1.800000
64 px 3.600000
65 py 9.000000
66 py 8.818163
67 pz 0.000000
68 pz 5.000000
69 px 3.600000
70 px 5.400000
71 py 9.000000
72 py 8.818163
73 pz 0.000000
74 pz 5.000000
75 px 5.400000
76 px 7.200000
77 py 9.000000
78 py 8.818163
79 pz 0.000000
80 pz 5.000000
81 px 7.200000
82 px 9.000000
83 py 9.000000
84 py 8.818163
85 pz 0.000000
86 pz 5.000000
87 px 1.800000
88 px 3.600000
89 py 8.818163
90 py 8.248636
91 pz 0.000000
92 pz 5.000000
93 c/z 0.0000 0.0000 9.000000
94 px 3.600000
95 px 5.400000
96 py 8.818163
97 py 8.248636
98 pz 0.000000
99 pz 5.000000
100 px 5.400000
101 px 7.200000
102 py 8.818163
103 py 8.248636
104 pz 0.000000
105 pz 5.000000
106 px 7.200000
107 px 9.000000
108 py 8.818163
109 py 8.248636
110 pz 0.000000
111 pz 5.000000
112 px 3.600000
113 px 5.400000
114 py 8.248636
115 py 7.200000
116 pz 0.000000
117 pz 5.000000
118 c/z 0.0000 0.0000 9.000000
119 px 5.400000
120 px 7.200000
121 py 8.248636
122 py 7.200000
123 pz 0.000000
124 pz 5.000000
125 px 7.200000
126 px 9.000000
127 py 8.248636
128 py 7.200000
129 pz 0.000000
130 pz 5.000000
131 px 5.400000
132 px 7.200000
133 py 7.200000
134 py 5.400000
135 pz 0.000000
136 pz 5.000000
137 c/z 0.0000 0.0000 9.000000
138 px 7.200000
139 px 9.000000
140 py 7.200000
141 py 5.400000
142 pz 0.000000
143 pz 5.000000
144 px 7.200000
145 px 9.000000
146 py 5.400000
147 py 0.000000
148 pz 0.000000
149 pz 5.000000
150 c/z 0.0000 0.0000 9.000000
151 px 0.000000
152 px 1.800000
153 py 9.000000
154 py 8.818163
155 pz 5.000000
156 pz 10.000000
157 c/z 0.0000 0.0000 9.000000
158 px 1.800000
159 px 3.600000
160 py 9.000000
161 py 8.818163
162 pz 5.000000
163 pz 10.000000
164 px 3.600000
165 px 5.400000
166 py 9.000000
167 py 8.818163
168 pz 5.000000
169 pz 10.000000
170 px 5.400000
171 px 7.200000
172 py 9.000000
173 py 8.818163
174 pz 5.000000
175 pz 10.000000
176 px 7.200000
177 px 9.000000
178 py 9.000000
179 py 8.818163
180 pz 5.000000
181 pz 10.000000
182 px 1.800000
183 px 3.600000
184 py 8.818163
185 py 8.248636
186 pz 5.000000
187 pz 10.000000
188 c/z 0.0000 0.0000 9.000000
189 px 3.600000
190 px 5.400000
191 py 8.818163
192 py 8.248636
193 pz 5.000000
194 pz 10.000000
195 px 5.400000
196 px 7.200000
197 py 8.818163
198 py 8.248636
199 pz 5.000000
200 pz 10.000000
201 px 7.200000
202 px 9.000000
203 py 8.818163
204 py 8.248636
205 pz 5.000000
206 pz 10.000000
207 px 3.600000
208 px 5.400000
209 py 8.248636
210 py 7.200000
211 pz 5.000000
212 pz 10.000000
213 c/z 0.0000 0.0000 9.000000
214 px 5.400000
215 px 7.200000
216 py 8.248636
217 py 7.200000
218 pz 5.000000
219 pz 10.000000
220 px 7.200000
221 px 9.000000
222 py 8.248636
223 py 7.200000
224 pz 5.000000
225 pz 10.000000
226 px 5.400000
227 px 7.200000
228 py 7.200000
229 py 5.400000
230 pz 5.000000
231 pz 10.000000
232 c/z 0.0000 0.0000 9.000000
233 px 7.200000
234 px 9.000000
235 py 7.200000
236 py 5.400000
237 pz 5.000000
238 pz 10.000000
239 px 7.200000
240 px 9.000000
241 py 5.400000
242 py 0.000000
243 pz 5.000000
244 pz 10.000000
245 c/z 0.0000 0.0000 9.000000
246 px 0.000000
247 px -1.800000
248 py 9.000000
249 py 8.818163
250 pz 0.000000
251 pz 5.000000
252 c/z 0.0000 0.0000 9.000000
253 px -1.800000
254 px -3.600000
255 py 9.000000
256 py 8.818163
257 pz 0.000000
258 pz 5.000000
259 px -3.600000
260 px -5.400000
261 py 9.000000
262 py 8.818163
263 pz 0.000000
264 pz 5.000000
265 px -5.400000
266 px -7.200000
267 py 9.000000
268 py 8.818163
269 pz 0.000000
270 pz 5.000000
271 px -7.200000
272 px -9.000000
273 py 9.000000
274 py 8.818163
275 pz 0.000000
276 pz 5.000000
277 px -1.800000
278 px -3.600000
279 py 8.818163
280 py 8.248636
281 pz 0.000000
282 pz 5.000000
283 c/z 0.0000 0.0000 9.000000
284 px -3.600000
285 px -5.400000
286 py 8.818163
287 py 8.248636
288 pz 0.000000
289 pz 5.000000
290 px -5.400000
291 px -7.200000
292 py 8.818163
293 py 8.248636
294 pz 0.000000
295 pz 5.000000
296 px -7.200000
297 px -9.000000
298 py 8.818163
299 py 8.248636
300 pz 0.000000
301 pz 5.000000
302 px -3.600000
303 px -5.400000
304 py 8.248636
305 py 7.200000
306 pz 0.000000
307 pz 5.000000
308 c/z 0.0000 0.0000 9.000000
309 px -5.400000
310 px -7.200000
311 py 8.248636
312 py 7.200000
313 pz 0.000000
314 pz 5.000000
315 px -7.200000
316 px -9.000000
317 py 8.248636
318 py 7.200000
319 pz 0.000000
320 pz 5.000000
321 px -5.400000
322 px -7.200000
323 py 7.200000
324 py 5.400000
325 pz 0.000000
326 pz 5.000000
327 c/z 0.0000 0.0000 9.000000
328 px -7.200000
329 px -9.000000
330 py 7.200000
331 py 5.400000
332 pz 0.000000
333 pz 5.000000
334 px -7.200000
335 px -9.000000
336 py 5.400000
337 py 0.000000
338 pz 0.000000
339 pz 5.000000
340 c/z 0.0000 0.0000 9.000000
341 px 0.000000
342 px -1.800000
343 py 9.000000
344 py 8.818163
345 pz 5.000000
346 pz 10.000000
347 c/z 0.0000 0.0000 9.000000
348 px -1.800000
349 px -3.600000
350 py 9.000000
351 py 8.818163
352 pz 5.000000
353 pz 10.000000
354 px -3.600000
355 px -5.400000
356 py 9.000000
357 py 8.818163
358 pz 5.000000
359 pz 10.000000
360 px -5.400000
361 px -7.200000
362 py 9.000000
363 py 8.818163
364 pz 5.000000
365 pz 10.000000
366 px -7.200000
367 px -9.000000
368 py 9.000000
369 py 8.818163
370 pz 5.000000
371 pz 10.000000
372 px -1.800000
373 px -3.600000
374 py 8.818163
375 py 8.248636
376 pz 5.000000
377 pz 10.000000
378 c/z 0.0000 0.0000 9.000000
379 px -3.600000
380 px -5.400000
381 py 8.818163
382 py 8.248636
383 pz 5.000000
384 pz 10.000000
385 px -5.400000
386 px -7.200000
387 py 8.818163
388 py 8.248636
389 pz 5.000000
390 pz 10.000000
391 px -7.200000
392 px -9.000000
393 py 8.818163
394 py 8.248636
395 pz 5.000000
396 pz 10.000000
397 px -3.600000
398 px -5.400000
399 py 8.248636
400 py 7.200000
401 pz 5.000000
402 pz 10.000000
403 c/z 0.0000 0.0000 9.000000
404 px -5.400000
405 px -7.200000
406 py 8.248636
407 py 7.200000
408 pz 5.000000
409 pz 10.000000
410 px -7.200000
411 px -9.000000
412 py 8.248636
413 py 7.200000
414 pz 5.000000
415 pz 10.000000
416 px -5.400000
417 px -7.200000
418 py 7.200000
419 py 5.400000
420 pz 5.000000
421 pz 10.000000
422 c/z 0.0000 0.0000 9.000000
423 px -7.200000
424 px -9.000000
425 py 7.200000
426 py 5.400000
427 pz 5.000000
428 pz 10.000000
429 px -7.200000
430 px -9.000000
431 py 5.400000
432 py 0.000000
433 pz 5.000000
434 pz 10.000000
435 c/z 0.0000 0.0000 9.000000
436 px 0.000000
437 px -1.800000
438 py -9.000000
439 py -8.818163
440 pz 0.000000
441 pz 5.000000
442 c/z 0.0000 0.0000 9.000000
443 px -1.800000
444 px -3.600000
445 py -9.000000
446 py -8.818163
447 pz 0.000000
448 pz 5.000000
449 px -3.600000
450 px -5.400000
451 py -9.000000
452 py -8.818163
453 pz 0.000000
454 pz 5.000000
455 px -5.400000
456 px -7.200000
457 py -9.000000
458 py -8.818163
459 pz 0.000000
460 pz 5.000000
461 px -7.200000
462 px -9.000000
463 py -9.000000
464 py -8.818163
465 pz 0.000000
466 pz 5.000000
467 px -1.800000
468 px -3.600000
469 py -8.818163
470 py -8.248636
471 pz 0.000000
472 pz 5.000000
473 c/z 0.0000 0.0000 9.000000
474 px -3.600000
475 px -5.400000
476 py -8.818163
477 py -8.248636
478 pz 0.000000
479 pz 5.000000
480 px -5.400000
481 px -7.200000
482 py -8.818163
483 py -8.248636
484 pz 0.000000
485 pz 5.000000
486 px -7.200000
487 px -9.000000
488 py -8.818163
489 py -8.248636
490 pz 0.000000
491 pz 5.000000
492 px -3.600000
493 px -5.400000
494 py -8.248636
495 py -7.200000
496 pz 0.000000
497 pz 5.000000
498 c/z 0.0000 0.0000 9.000000
499 px -5.400000
500 px -7.200000
501 py -8.248636
502 py -7.200000
503 pz 0.000000
504 pz 5.000000
505 px -7.200000
506 px -9.000000
507 py -8.248636
508 py -7.200000
509 pz 0.000000
510 pz 5.000000
511 px -5.400000
512 px -7.200000
513 py -7.200000
514 py -5.400000
515 pz 0.000000
516 pz 5.000000
517 c/z 0.0000 0.0000 9.000000
518 px -7.200000
519 px -9.000000
520 py -7.200000
521 py -5.400000
522 pz 0.000000
523 pz 5.000000
524 px -7.200000
525 px -9.000000
526 py -5.400000
527 py 0.000000
528 pz 0.000000
529 pz 5.000000
530 c/z 0.0000 0.0000 9.000000
531 px 0.000000
532 px -1.800000
533 py -9.000000
534 py -8.818163
535 pz 5.000000
536 pz 10.000000
537 c/z 0.0000 0.0000 9.000000
538 px -1.800000
539 px -3.600000
540 py -9.000000
541 py -8.818163
542 pz 5.000000
543 pz 10.000000
544 px -3.600000
545 px -5.400000
546 py -9.000000
547 py -8.818163
548 pz 5.000000
549 pz 10.000000
550 px -5.400000
551 px -7.200000
552 py -9.000000
553 py -8.818163
554 pz 5.000000
555 pz 10.000000
556 px -7.200000
557 px -9.000000
558 py -9.000000
559 py -8.818163
560 pz 5.000000
561 pz 10.000000
562 px -1.800000
563 px -3.600000
564 py -8.818163
565 py -8.248636
566 pz 5.000000
567 pz 10.000000
568 c/z 0.0000 0.0000 9.000000
569 px -3.600000
570 px -5.400000
571 py -8.818163
572 py -8.248636
573 pz 5.000000
574 pz 10.000000
575 px -5.400000
576 px -7.200000
577 py -8.818163
578 py -8.248636
579 pz 5.000000
580 pz 10.000000
581 px -7.200000
582 px -9.000000
583 py -8.818163
584 py -8.248636
585 pz 5.000000
586 pz 10.000000
587 px -3.600000
588 px -5.400000
589 py -8.248636
590 py -7.200000
591 pz 5.000000
592 pz 10.000000
593 c/z 0.0000 0.0000 9.000000
594 px -5.400000
595 px -7.200000
596 py -8.248636
597 py -7.200000
598 pz 5.000000
599 pz 10.000000
600 px -7.200000
601 px -9.000000
602 py -8.248636
603 py -7.200000
604 pz 5.000000
605 pz 10.000000
606 px -5.400000
607 px -7.200000
608 py -7.200000
609 py -5.400000
610 pz 5.000000
611 pz 10.000000
612 c/z 0.0000 0.0000 9.000000
613 px -7.200000
614 px -9.000000
615 py -7.200000
616 py -5.400000
617 pz 5.000000
618 pz 10.000000
619 px -7.200000
620 px -9.000000
621 py -5.400000
622 py 0.000000
623 pz 5.000000
624 pz 10.000000
625 c/z 0.0000 0.0000 9.000000
626 px 0.000000
627 px 1.800000
628 py -9.000000
629 py -8.818163
630 pz 0.000000
631 pz 5.000000
632 c/z 0.0000 0.0000 9.000000
633 px 1.800000
634 px 3.600000
635 py -9.000000
636 py -8.818163
637 pz 0.000000
638 pz 5.000000
639 px 3.600000
640 px 5.400000
641 py -9.000000
642 py -8.818163
643 pz 0.000000
644 pz 5.000000
645 px 5.400000
646 px 7.200000
647 py -9.000000
648 py -8.818163
649 pz 0.000000
650 pz 5.000000
651 px 7.200000
652 px 9.000000
653 py -9.000000
654 py -8.818163
655 pz 0.000000
656 pz 5.000000
657 px 1.800000
658 px 3.600000
659 py -8.818163
660 py -8.248636
661 pz 0.000000
662 pz 5.000000
663 c/z 0.0000 0.0000 9.000000
664 px 3.600000
665 px 5.400000
666 py -8.818163
667 py -8.248636
668 pz 0.000000
669 pz 5.000000
670 px 5.400000
671 px 7.200000
672 py -8.818163
673 py -8.248636
674 pz 0.000000
675 pz 5.000000
676 px 7.200000
677 px 9.000000
678 py -8.818163
679 py -8.248636
680 pz 0.000000
681 pz 5.000000
682 px 3.600000
683 px 5.400000
684 py -8.248636
685 py -7.200000
686 pz 0.000000
687 pz 5.000000
688 c/z 0.0000 0.0000 9.000000
689 px 5.400000
690 px 7.200000
691 py -8.248636
692 py -7.200000
693 pz 0.000000
694 pz 5.000000
695 px 7.200000
696 px 9.000000
697 py -8.248636
698 py -7.200000
699 pz 0.000000
700 pz 5.000000
701 px 5.400000
702 px 7.200000
703 py -7.200000
704 py -5.400000
705 pz 0.000000
706 pz 5.000000
707 c/z 0.0000 0.0000 9.000000
708 px 7.200000
709 px 9.000000
710 py -7.200000
711 py -5.400000
712 pz 0.000000
713 pz 5.000000
714 px 7.200000
715 px 9.000000
716 py -5.400000
717 py 0.000000
718 pz 0.000000
719 pz 5.000000
720 c/z 0.0000 0.0000 9.000000
721 px 0.000000
722 px 1.800000
723 py -9.000000
724 py -8.818163
725 pz 5.000000
726 pz 10.000000
727 c/z 0.0000 0.0000 9.000000
728 px 1.800000
729 px 3.600000
730 py -9.000000
731 py -8.818163
732 pz 5.000000
733 pz 10.000000
734 px 3.600000
735 px 5.400000
736 py -9.000000
737 py -8.818163
738 pz 5.000000
739 pz 10.000000
740 px 5.400000
741 px 7.200000
742 py -9.000000
743 py -8.818163
744 pz 5.000000
745 pz 10.000000
746 px 7.200000
747 px 9.000000
748 py -9.000000
749 py -8.818163
750 pz 5.000000
751 pz 10.000000
752 px 1.800000
753 px 3.600000
754 py -8.818163
755 py -8.248636
756 pz 5.000000
757 pz 10.000000
758 c/z 0.0000 0.0000 9.000000
759 px 3.600000
760 px 5.400000
761 py -8.818163
762 py -8.248636
763 pz 5.000000
764 pz 10.000000
765 px 5.400000
766 px 7.200000
767 py -8.818163
768 py -8.248636
769 pz 5.000000
770 pz 10.000000
771 px 7.200000
772 px 9.000000
773 py -8.818163
774 py -8.248636
775 pz 5.000000
776 pz 10.000000
777 px 3.600000
778 px 5.400000
779 py -8.248636
780 py -7.200000
781 pz 5.000000
782 pz 10.000000
783 c/z 0.0000 0.0000 9.000000
784 px 5.400000
785 px 7.200000
786 py -8.248636
787 py -7.200000
788 pz 5.000000
789 pz 10.000000
790 px 7.200000
791 px 9.000000
792 py -8.248636
793 py -7.200000
794 pz 5.000000
795 pz 10.000000
796 px 5.400000
797 px 7.200000
798 py -7.200000
799 py -5.400000
800 pz 5.000000
801 pz 10.000000
802 c/z 0.0000 0.0000 9.000000
803 px 7.200000
804 px 9.000000
805 py -7.200000
806 py -5.400000
807 pz 5.000000
808 pz 10.000000
809 px 7.200000
810 px 9.000000
811 py -5.400000
812 py 0.000000
813 pz 5.000000
814 pz 10.000000
815 c/z 0.0000 0.0000 9.000000
816 px 9.000000
817 px 10.000000
818 py -9.000000
819 py -5.400000
820 pz 0.000000
821 pz 5.000000
822 px 10.000000
*823 px 11.000000
824 py -9.000000
825 py -5.400000
826 pz 0.000000
827 pz 5.000000
828 px 9.000000
829 px 10.000000
830 py -5.400000
831 py -1.800000
832 pz 0.000000
833 pz 5.000000
834 px 10.000000
*835 px 11.000000
836 py -5.400000
837 py -1.800000
838 pz 0.000000
839 pz 5.000000
840 px 9.000000
841 px 10.000000
842 py -1.800000
843 py 1.800000
844 pz 0.000000
845 pz 5.000000
846 px 10.000000
*847 px 11.000000
848 py -1.800000
849 py 1.800000
850 pz 0.000000
851 pz 5.000000
852 px 9.000000
853 px 10.000000
854 py 1.800000
855 py 5.400000
856 pz 0.000000
857 pz 5.000000
858 px 10.000000
*859 px 11.000000
860 py 1.800000
861 py 5.400000
862 pz 0.000000
863 pz 5.000000
864 px 9.000000
865 px 10.000000
866 py 5.400000
867 py 9.000000
868 pz 0.000000
869 pz 5.000000
870 px 10.000000
*871 px 11.000000
872 py 5.400000
873 py 9.000000
874 pz 0.000000
875 pz 5.000000
876 px 9.000000
877 px 10.000000
878 py -9.000000
879 py -5.400000
880 pz 5.000000
881 pz 10.000000
882 px 10.000000
*883 px 11.000000
884 py -9.000000
885 py -5.400000
886 pz 5.000000
887 pz 10.000000
888 px 9.000000
889 px 10.000000
890 py -5.400000
891 py -1.800000
892 pz 5.000000
893 pz 10.000000
894 px 10.000000
*895 px 11.000000
896 py -5.400000
897 py -1.800000
898 pz 5.000000
899 pz 10.000000
900 px 9.000000
901 px 10.000000
902 py -1.800000
903 py 1.800000
904 pz 5.000000
905 pz 10.000000
906 px 10.000000
*907 px 11.000000
908 py -1.800000
909 py 1.800000
910 pz 5.000000
911 pz 10.000000
912 px 9.000000
913 px 10.000000
914 py 1.800000
915 py 5.400000
916 pz 5.000000
917 pz 10.000000
918 px 10.000000
*919 px 11.000000
920 py 1.800000
921 py 5.400000
922 pz 5.000000
923 pz 10.000000
924 px 9.000000
925 px 10.000000
926 py 5.400000
927 py 9.000000
928 pz 5.000000
929 pz 10.000000
930 px 10.000000
*931 px 11.000000
932 py 5.400000
933 py 9.000000
934 pz 5.000000
935 pz 10.000000
936 px -9.000000
937 px -5.400000
938 py 9.000000
939 py 10.000000
940 pz 0.000000
941 pz 5.000000
942 px -5.400000
943 px -1.800000
944 py 9.000000
945 py 10.000000
946 pz 0.000000
947 pz 5.000000
948 px -1.800000
949 px 1.800000
950 py 9.000000
951 py 10.000000
952 pz 0.000000
953 pz 5.000000
954 px 1.800000
955 px 5.400000
956 py 9.000000
957 py 10.000000
958 pz 0.000000
959 pz 5.000000
960 px 5.400000
961 px 9.000000
962 py 9.000000
963 py 10.000000
964 pz 0.000000
965 pz 5.000000
966 px -9.000000
967 px -5.400000
968 py 10.000000
*969 py 11.000000
970 pz 0.000000
971 pz 5.000000
972 px -5.400000
973 px -1.800000
974 py 10.000000
*975 py 11.000000
976 pz 0.000000
977 pz 5.000000
978 px -1.800000
979 px 1.800000
980 py 10.000000
*981 py 11.000000
982 pz 0.000000
983 pz 5.000000
984 px 1.800000
985 px 5.400000
986 py 10.000000
*987 py 11.000000
988 pz 0.000000
989 pz 5.000000
990 px 5.400000
991 px 9.000000
992 py 10.000000
*993 py 11.000000
994 pz 0.000000
995 pz 5.000000
996 px -9.000000
997 px -5.400000
998 py 9.000000
999 py 10.000000
1000 pz 5.000000
1001 pz 10.000000
1002 px -5.400000
1003 px -1.800000
1004 py 9.000000
1005 py 10.000000
1006 pz 5.000000
1007 pz 10.000000
1008 px -1.800000
1009 px 1.800000
1010 py 9.000000
1011 py 10.000000
1012 pz 5.000000
1013 pz 10.000000
1014 px 1.800000
1015 px 5.400000
1016 py 9.000000
1017 py 10.000000
1018 pz 5.000000
1019 pz 10.000000
1020 px 5.400000
1021 px 9.000000
1022 py 9.000000
1023 py 10.000000
1024 pz 5.000000
1025 pz 10.000000
1026 px -9.000000
1027 px -5.400000
1028 py 10.000000
*1029 py 11.000000
1030 pz 5.000000
1031 pz 10.000000
1032 px -5.400000
1033 px -1.800000
1034 py 10.000000
*1035 py 11.000000
1036 pz 5.000000
1037 pz 10.000000
1038 px -1.800000
1039 px 1.800000
1040 py 10.000000
*1041 py 11.000000
1042 pz 5.000000
1043 pz 10.000000
1044 px 1.800000
1045 px 5.400000
1046 py 10.000000
*1047 py 11.000000
1048 pz 5.000000
1049 pz 10.000000
1050 px 5.400000
1051 px 9.000000
1052 py 10.000000
*1053 py 11.000000
1054 pz 5.000000
1055 pz 10.000000
*1056 px -11.000000
1057 px -10.000000
1058 py -9.000000
1059 py -5.400000
1060 pz 0.000000
1061 pz 5.000000
1062 px -10.000000
1063 px -9.000000
1064 py -9.000000
1065 py -5.400000
1066 pz 0.000000
1067 pz 5.000000
*1068 px -11.000000
1069 px -10.000000
1070 py -5.400000
1071 py -1.800000
1072 pz 0.000000
1073 pz 5.000000
1074 px -10.000000
1075 px -9.000000
1076 py -5.400000
1077 py -1.800000
1078 pz 0.000000
1079 pz 5.000000
*1080 px -11.000000
1081 px -10.000000
1082 py -1.800000
1083 py 1.800000
1084 pz 0.000000
1085 pz 5.000000
1086 px -10.000000
1087 px -9.000000
1088 py -1.800000
1089 py 1.800000
1090 pz 0.000000
1091 pz 5.000000
*1092 px -11.000000
1093 px -10.000000
1094 py 1.800000
1095 py 5.400000
1096 pz 0.000000
1097 pz 5.000000
1098 px -10.000000
1099 px -9.000000
1100 py 1.800000
1101 py 5.400000
1102 pz 0.000000
1103 pz 5.000000
*1104 px -11.000000
1105 px -10.000000
1106 py 5.400000
1107 py 9.000000
1108 pz 0.000000
1109 pz 5.000000
1110 px -10.000000
1111 px -9.000000
1112 py 5.400000
1113 py 9.000000
1114 pz 0.000000
1115 pz 5.000000
*1116 px -11.000000
1117 px -10.000000
1118 py -9.000000
1119 py -5.400000
1120 pz 5.000000
1121 pz 10.000000
1122 px -10.000000
1123 px -9.000000
1124 py -9.000000
1125 py -5.400000
1126 pz 5.000000
1127 pz 10.000000
*1128 px -11.000000
1129 px -10.000000
1130 py -5.400000
1131 py -1.800000
1132 pz 5.000000
1133 pz 10.000000
1134 px -10.000000
1135 px -9.000000
1136 py -5.400000
1137 py -1.800000
1138 pz 5.000000
1139 pz 10.000000
*1140 px -11.000000
1141 px -10.000000
1142 py -1.800000
1143 py 1.800000
1144 pz 5.000000
1145 pz 10.000000
1146 px -10.000000
1147 px -9.000000
1148 py -1.800000
1149 py 1.800000
1150 pz 5.000000
1151 pz 10.000000
*1152 px -11.000000
1153 px -10.000000
1154 py 1.800000
1155 py 5.400000
1156 pz 5.000000
1157 pz 10.000000
1158 px -10.000000
1159 px -9.000000
1160 py 1.800000
1161 py 5.400000
1162 pz 5.000000
1163 pz 10.000000
*1164 px -11.000000
1165 px -10.000000
1166 py 5.400000
1167 py 9.000000
1168 pz 5.000000
1169 pz 10.000000
1170 px -10.000000
1171 px -9.000000
1172 py 5.400000
1173 py 9.000000
1174 pz 5.000000
1175 pz 10.000000
1176 px -9.000000
1177 px -5.400000
*1178 py -11.000000
1179 py -10.000000
1180 pz 0.000000
1181 pz 5.000000
1182 px -5.400000
1183 px -1.800000
*1184 py -11.000000
1185 py -10.000000
1186 pz 0.000000
1187 pz 5.000000
1188 px -1.800000
1189 px 1.800000
*1190 py -11.000000
1191 py -10.000000
1192 pz 0.000000
1193 pz 5.000000
1194 px 1.800000
1195 px 5.400000
*1196 py -11.000000
1197 py -10.000000
1198 pz 0.000000
1199 pz 5.000000
1200 px 5.400000
1201 px 9.000000
*1202 py -11.000000
1203 py -10.000000
1204 pz 0.000000
1205 pz 5.000000
1206 px -9.000000
1207 px -5.400000
1208 py -10.000000
1209 py -9.000000
1210 pz 0.000000
1211 pz 5.000000
1212 px -5.400000
1213 px -1.800000
1214 py -10.000000
1215 py -9.000000
1216 pz 0.000000
1217 pz 5.000000
1218 px -1.800000
1219 px 1.800000
1220 py -10.000000
1221 py -9.000000
1222 pz 0.000000
1223 pz 5.000000
1224 px 1.800000
1225 px 5.400000
1226 py -10.000000
1227 py -9.000000
1228 pz 0.000000
1229 pz 5.000000
1230 px 5.400000
1231 px 9.000000
1232 py -10.000000
1233 py -9.000000
1234 pz 0.000000
1235 pz 5.000000
1236 px -9.000000
1237 px -5.400000
*1238 py -11.000000
1239 py -10.000000
1240 pz 5.000000
1241 pz 10.000000
1242 px -5.400000
1243 px -1.800000
*1244 py -11.000000
1245 py -10.000000
1246 pz 5.000000
1247 pz 10.000000
1248 px -1.800000
1249 px 1.800000
*1250 py -11.000000
1251 py -10.000000
1252 pz 5.000000
1253 pz 10.000000
1254 px 1.800000
1255 px 5.400000
*1256 py -11.000000
1257 py -10.000000
1258 pz 5.000000
1259 pz 10.000000
1260 px 5.400000
1261 px 9.000000
*1262 py -11.000000
1263 py -10.000000
1264 pz 5.000000
1265 pz 10.000000
1266 px -9.000000
1267 px -5.400000
1268 py -10.000000
1269 py -9.000000
1270 pz 5.000000
1271 pz 10.000000
1272 px -5.400000
1273 px -1.800000
1274 py -10.000000
1275 py -9.000000
1276 pz 5.000000
1277 pz 10.000000
1278 px -1.800000
1279 px 1.800000
1280 py -10.000000
1281 py -9.000000
1282 pz 5.000000
1283 pz 10.000000
1284 px 1.800000
1285 px 5.400000
1286 py -10.000000
1287 py -9.000000
1288 pz 5.000000
1289 pz 10.000000
1290 px 5.400000
1291 px 9.000000
1292 py -10.000000
1293 py -9.000000
1294 pz 5.000000
1295 pz 10.000000
1296 px 9.000000
1297 px 9.500000
1298 py 9.000000
1299 py 9.500000
1300 pz 0.000000
1301 pz 5.000000
1302 px 9.500000
1303 px 10.000000
1304 py 9.000000
1305 py 9.500000
1306 pz 0.000000
1307 pz 5.000000
1308 px 10.000000
1309 px 10.500000
1310 py 9.000000
1311 py 9.500000
1312 pz 0.000000
1313 pz 5.000000
1314 px 10.500000
*1315 px 11.000000
1316 py 9.000000
1317 py 9.500000
1318 pz 0.000000
1319 pz 5.000000
1320 px 9.000000
1321 px 9.500000
1322 py 9.500000
1323 py 10.000000
1324 pz 0.000000
1325 pz 5.000000
1326 px 9.500000
1327 px 10.000000
1328 py 9.500000
1329 py 10.000000
1330 pz 0.000000
1331 pz 5.000000
1332 px 10.000000
1333 px 10.500000
1334 py 9.500000
1335 py 10.000000
1336 pz 0.000000
1337 pz 5.000000
1338 px 10.500000
*1339 px 11.000000
1340 py 9.500000
1341 py 10.000000
1342 pz 0.000000
1343 pz 5.000000
1344 px 9.000000
1345 px 9.500000
1346 py 10.000000
1347 py 10.500000
1348 pz 0.000000
1349 pz 5.000000
1350 px 9.500000
1351 px 10.000000
1352 py 10.000000
1353 py 10.500000
1354 pz 0.000000
1355 pz 5.000000
1356 px 10.000000
1357 px 10.500000
1358 py 10.000000
1359 py 10.500000
1360 pz 0.000000
1361 pz 5.000000
1362 px 10.500000
*1363 px 11.000000
1364 py 10.000000
1365 py 10.500000
1366 pz 0.000000
1367 pz 5.000000
1368 px 9.000000
1369 px 9.500000
1370 py 10.500000
*1371 py 11.000000
1372 pz 0.000000
1373 pz 5.000000
1374 px 9.500000
1375 px 10.000000
1376 py 10.500000
*1377 py 11.000000
1378 pz 0.000000
1379 pz 5.000000
1380 px 10.000000
1381 px 10.500000
1382 py 10.500000
*1383 py 11.000000
1384 pz 0.000000
1385 pz 5.000000
1386 px 10.500000
*1387 px 11.000000
1388 py 10.500000
*1389 py 11.000000
1390 pz 0.000000
1391 pz 5.000000
1392 px 9.000000
1393 px 9.500000
1394 py 9.000000
1395 py 9.500000
1396 pz 5.000000
1397 pz 10.000000
1398 px 9.500000
1399 px 10.000000
1400 py 9.000000
1401 py 9.500000
1402 pz 5.000000
1403 pz 10.000000
1404 px 10.000000
1405 px 10.500000
1406 py 9.000000
1407 py 9.500000
1408 pz 5.000000
1409 pz 10.000000
1410 px 10.500000
*1411 px 11.000000
1412 py 9.000000
1413 py 9.500000
1414 pz 5.000000
1415 pz 10.000000
1416 px 9.000000
1417 px 9.500000
1418 py 9.500000
1419 py 10.000000
1420 pz 5.000000
1421 pz 10.000000
1422 px 9.500000
1423 px 10.000000
1424 py 9.500000
1425 py 10.000000
1426 pz 5.000000
1427 pz 10.000000
1428 px 10.000000
1429 px 10.500000
1430 py 9.500000
1431 py 10.000000
1432 pz 5.000000
1433 pz 10.000000
1434 px 10.500000
*1435 px 11.000000
1436 py 9.500000
1437 py 10.000000
1438 pz 5.000000
1439 pz 10.000000
1440 px 9.000000
1441 px 9.500000
1442 py 10.000000
1443 py 10.500000
1444 pz 5.000000
1445 pz 10.000000
1446 px 9.500000
1447 px 10.000000
1448 py 10.000000
1449 py 10.500000
1450 pz 5.000000
1451 pz 10.000000
1452 px 10.000000
1453 px 10.500000
1454 py 10.000000
1455 py 10.500000
1456 pz 5.000000
1457 pz 10.000000
1458 px 10.500000
*1459 px 11.000000
1460 py 10.000000
1461 py 10.500000
1462 pz 5.000000
1463 pz 10.000000
1464 px 9.000000
1465 px 9.500000
1466 py 10.500000
*1467 py 11.000000
1468 pz 5.000000
1469 pz 10.000000
1470 px 9.500000
1471 px 10.000000
1472 py 10.500000
*1473 py 11.000000
1474 pz 5.000000
1475 pz 10.000000
1476 px 10.000000
1477 px 10.500000
1478 py 10.500000
*1479 py 11.000000
1480 pz 5.000000
1481 pz 10.000000
1482 px 10.500000
*1483 px 11.000000
1484 py 10.500000
*1485 py 11.000000
1486 pz 5.000000
1487 pz 10.000000
*1488 px -11.000000
1489 px -10.500000
1490 py 9.000000
1491 py 9.500000
1492 pz 0.000000
1493 pz 5.000000
1494 px -10.500000
1495 px -10.000000
1496 py 9.000000
1497 py 9.500000
1498 pz 0.000000
1499 pz 5.000000
1500 px -10.000000
1501 px -9.500000
1502 py 9.000000
1503 py 9.500000
1504 pz 0.000000
1505 pz 5.000000
1506 px -9.500000
1507 px -9.000000
1508 py 9.000000
1509 py 9.500000
1510 pz 0.000000
1511 pz 5.000000
*1512 px -11.000000
1513 px -10.500000
1514 py 9.500000
1515 py 10.000000
1516 pz 0.000000
1517 pz 5.000000
1518 px -10.500000
1519 px -10.000000
1520 py 9.500000
1521 py 10.000000
1522 pz 0.000000
1523 pz 5.000000
1524 px -10.000000
1525 px -9.500000
1526 py 9.500000
1527 py 10.000000
1528 pz 0.000000
1529 pz 5.000000
1530 px -9.500000
1531 px -9.000000
1532 py 9.500000
1533 py 10.000000
1534 pz 0.000000
1535 pz 5.000000
*1536 px -11.000000
1537 px -10.500000
1538 py 10.000000
1539 py 10.500000
1540 pz 0.000000
1541 pz 5.000000
1542 px -10.500000
1543 px -10.000000
1544 py 10.000000
1545 py 10.500000
1546 pz 0.000000
1547 pz 5.000000
1548 px -10.000000
1549 px -9.500000
1550 py 10.000000
1551 py 10.500000
1552 pz 0.000000
1553 pz 5.000000
1554 px -9.500000
1555 px -9.000000
1556 py 10.000000
1557 py 10.500000
1558 pz 0.000000
1559 pz 5.000000
*1560 px -11.000000
1561 px -10.500000
1562 py 10.500000
*1563 py 11.000000
1564 pz 0.000000
1565 pz 5.000000
1566 px -10.500000
1567 px -10.000000
1568 py 10.500000
*1569 py 11.000000
1570 pz 0.000000
1571 pz 5.000000
1572 px -10.000000
1573 px -9.500000
1574 py 10.500000
*1575 py 11.000000
1576 pz 0.000000
1577 pz 5.000000
1578 px -9.500000
1579 px -9.000000
1580 py 10.500000
*1581 py 11.000000
1582 pz 0.000000
1583 pz 5.000000
*1584 px -11.000000
1585 px -10.500000
1586 py 9.000000
1587 py 9.500000
1588 pz 5.000000
1589 pz 10.000000
1590 px -10.500000
1591 px -10.000000
1592 py 9.000000
1593 py 9.500000
1594 pz 5.000000
1595 pz 10.000000
1596 px -10.000000
1597 px -9.500000
1598 py 9.000000
1599 py 9.500000
1600 pz 5.000000
1601 pz 10.000000
1602 px -9.500000
1603 px -9.000000
1604 py 9.000000
1605 py 9.500000
1606 pz 5.000000
1607 pz 10.000000
*1608 px -11.000000
1609 px -10.500000
1610 py 9.500000
1611 py 10.000000
1612 pz 5.000000
1613 pz 10.000000
1614 px -10.500000
1615 px -10.000000
1616 py 9.500000
1617 py 10.000000
1618 pz 5.000000
1619 pz 10.000000
1620 px -10.000000
1621 px -9.500000
1622 py 9.500000
1623 py 10.000000
1624 pz 5.000000
1625 pz 10.000000
1626 px -9.500000
1627 px -9.000000
1628 py 9.500000
1629 py 10.000000
1630 pz 5.000000
1631 pz 10.000000
*1632 px -11.000000
1633 px -10.500000
1634 py 10.000000
1635 py 10.500000
1636 pz 5.000000
1637 pz 10.000000
1638 px -10.500000
1639 px -10.000000
1640 py 10.000000
1641 py 10.500000
1642 pz 5.000000
1643 pz 10.000000
1644 px -10.000000
1645 px -9.500000
1646 py 10.000000
1647 py 10.500000
1648 pz 5.000000
1649 pz 10.000000
1650 px -9.500000
1651 px -9.000000
1652 py 10.000000
1653 py 10.500000
1654 pz 5.000000
1655 pz 10.000000
*1656 px -11.000000
1657 px -10.500000
1658 py 10.500000
*1659 py 11.000000
1660 pz 5.000000
1661 pz 10.000000
1662 px -10.500000
1663 px -10.000000
1664 py 10.500000
*1665 py 11.000000
1666 pz 5.000000
1667 pz 10.000000
1668 px -10.000000
1669 px -9.500000
1670 py 10.500000
*1671 py 11.000000
1672 pz 5.000000
1673 pz 10.000000
1674 px -9.500000
1675 px -9.000000
1676 py 10.500000
*1677 py 11.000000
1678 pz 5.000000
1679 pz 10.000000
*1680 px -11.000000
1681 px -10.500000
*1682 py -11.000000
1683 py -10.500000
1684 pz 0.000000
1685 pz 5.000000
1686 px -10.500000
1687 px -10.000000
*1688 py -11.000000
1689 py -10.500000
1690 pz 0.000000
1691 pz 5.000000
1692 px -10.000000
1693 px -9.500000
*1694 py -11.000000
1695 py -10.500000
1696 pz 0.000000
1697 pz 5.000000
1698 px -9.500000
1699 px -9.000000
*1700 py -11.000000
1701 py -10.500000
1702 pz 0.000000
1703 pz 5.000000
*1704 px -11.000000
1705 px -10.500000
1706 py -10.500000
1707 py -10.000000
1708 pz 0.000000
1709 pz 5.000000
1710 px -10.500000
1711 px -10.000000
1712 py -10.500000
1713 py -10.000000
1714 pz 0.000000
1715 pz 5.000000
1716 px -10.000000
1717 px -9.500000
1718 py -10.500000
1719 py -10.000000
1720 pz 0.000000
1721 pz 5.000000
1722 px -9.500000
1723 px -9.000000
1724 py -10.500000
1725 py -10.000000
1726 pz 0.000000
1727 pz 5.000000
*1728 px -11.000000
1729 px -10.500000
1730 py -10.000000
1731 py -9.500000
1732 pz 0.000000
1733 pz 5.000000
1734 px -10.500000
1735 px -10.000000
1736 py -10.000000
1737 py -9.500000
1738 pz 0.000000
1739 pz 5.000000
1740 px -10.000000
1741 px -9.500000
1742 py -10.000000
1743 py -9.500000
1744 pz 0.000000
1745 pz 5.000000
1746 px -9.500000
1747 px -9.000000
1748 py -10.000000
1749 py -9.500000
1750 pz 0.000000
1751 pz 5.000000
*1752 px -11.000000
1753 px -10.500000
1754 py -9.500000
1755 py -9.000000
1756 pz 0.000000
1757 pz 5.000000
1758 px -10.500000
1759 px -10.000000
1760 py -9.500000
1761 py -9.000000
1762 pz 0.000000
1763 pz 5.000000
1764 px -10.000000
1765 px -9.500000
1766 py -9.500000
1767 py -9.000000
1768 pz 0.000000
1769 pz 5.000000
1770 px -9.500000
1771 px -9.000000
1772 py -9.500000
1773 py -9.000000
1774 pz 0.000000
1775 pz 5.000000
*1776 px -11.000000
1777 px -10.500000
*1778 py -11.000000
1779 py -10.500000
1780 pz 5.000000
1781 pz 10.000000
1782 px -10.500000
1783 px -10.000000
*1784 py -11.000000
1785 py -10.500000
1786 pz 5.000000
1787 pz 10.000000
1788 px -10.000000
1789 px -9.500000
*1790 py -11.000000
1791 py -10.500000
1792 pz 5.000000
1793 pz 10.000000
1794 px -9.500000
1795 px -9.000000
*1796 py -11.000000
1797 py -10.500000
1798 pz 5.000000
1799 pz 10.000000
*1800 px -11.000000
1801 px -10.500000
1802 py -10.500000
1803 py -10.000000
1804 pz 5.000000
1805 pz 10.000000
1806 px -10.500000
1807 px -10.000000
1808 py -10.500000
1809 py -10.000000
1810 pz 5.000000
1811 pz 10.000000
1812 px -10.000000
1813 px -9.500000
1814 py -10.500000
1815 py -10.000000
1816 pz 5.000000
1817 pz 10.000000
1818 px -9.500000
1819 px -9.000000
1820 py -10.500000
1821 py -10.000000
1822 pz 5.000000
1823 pz 10.000000
*1824 px -11.000000
1825 px -10.500000
1826 py -10.000000
1827 py -9.500000
1828 pz 5.000000
1829 pz 10.000000
1830 px -10.500000
1831 px -10.000000
1832 py -10.000000
1833 py -9.500000
1834 pz 5.000000
1835 pz 10.000000
1836 px -10.000000
1837 px -9.500000
1838 py -10.000000
1839 py -9.500000
1840 pz 5.000000
1841 pz 10.000000
1842 px -9.500000
1843 px -9.000000
1844 py -10.000000
1845 py -9.500000
1846 pz 5.000000
1847 pz 10.000000
*1848 px -11.000000
1849 px -10.500000
1850 py -9.500000
1851 py -9.000000
1852 pz 5.000000
1853 pz 10.000000
1854 px -10.500000
1855 px -10.000000
1856 py -9.500000
1857 py -9.000000
1858 pz 5.000000
1859 pz 10.000000
1860 px -10.000000
1861 px -9.500000
1862 py -9.500000
1863 py -9.000000
1864 pz 5.000000
1865 pz 10.000000
1866 px -9.500000
1867 px -9.000000
1868 py -9.500000
1869 py -9.000000
1870 pz 5.000000
1871 pz 10.000000
1872 px 9.000000
1873 px 9.500000
*1874 py -11.000000
1875 py -10.500000
1876 pz 0.000000
1877 pz 5.000000
1878 px 9.500000
1879 px 10.000000
*1880 py -11.000000
1881 py -10.500000
1882 pz 0.000000
1883 pz 5.000000
1884 px 10.000000
1885 px 10.500000
*1886 py -11.000000
1887 py -10.500000
1888 pz 0.000000
1889 pz 5.000000
1890 px 10.500000
*1891 px 11.000000
*1892 py -11.000000
1893 py -10.500000
1894 pz 0.000000
1895 pz 5.000000
1896 px 9.000000
1897 px 9.500000
1898 py -10.500000
1899 py -10.000000
1900 pz 0.000000
1901 pz 5.000000
1902 px 9.500000
1903 px 10.000000
1904 py -10.500000
1905 py -10.000000
1906 pz 0.000000
1907 pz 5.000000
1908 px 10.000000
1909 px 10.500000
1910 py -10.500000
1911 py -10.000000
1912 pz 0.000000
1913 pz 5.000000
1914 px 10.500000
*1915 px 11.000000
1916 py -10.500000
1917 py -10.000000
1918 pz 0.000000
1919 pz 5.000000
1920 px 9.000000
1921 px 9.500000
1922 py -10.000000
1923 py -9.500000
1924 pz 0.000000
1925 pz 5.000000
1926 px 9.500000
1927 px 10.000000
1928 py -10.000000
1929 py -9.500000
1930 pz 0.000000
1931 pz 5.000000
1932 px 10.000000
1933 px 10.500000
1934 py -10.000000
1935 py -9.500000
1936 pz 0.000000
1937 pz 5.000000
1938 px 10.500000
*1939 px 11.000000
1940 py -10.000000
1941 py -9.500000
1942 pz 0.000000
1943 pz 5.000000
1944 px 9.000000
1945 px 9.500000
1946 py -9.500000
1947 py -9.000000
1948 pz 0.000000
1949 pz 5.000000
1950 px 9.500000
1951 px 10.000000
1952 py -9.500000
1953 py -9.000000
1954 pz 0.000000
1955 pz 5.000000
1956 px 10.000000
1957 px 10.500000
1958 py -9.500000
1959 py -9.000000
1960 pz 0.000000
1961 pz 5.000000
1962 px 10.500000
*1963 px 11.000000
1964 py -9.500000
1965 py -9.000000
1966 pz 0.000000
1967 pz 5.000000
1968 px 9.000000
1969 px 9.500000
*1970 py -11.000000
1971 py -10.500000
1972 pz 5.000000
1973 pz 10.000000
1974 px 9.500000
1975 px 10.000000
*1976 py -11.000000
1977 py -10.500000
1978 pz 5.000000
1979 pz 10.000000
1980 px 10.000000
1981 px 10.500000
*1982 py -11.000000
1983 py -10.500000
1984 pz 5.000000
1985 pz 10.000000
1986 px 10.500000
*1987 px 11.000000
*1988 py -11.000000
1989 py -10.500000
1990 pz 5.000000
1991 pz 10.000000
1992 px 9.000000
1993 px 9.500000
1994 py -10.500000
1995 py -10.000000
1996 pz 5.000000
1997 pz 10.000000
1998 px 9.500000
1999 px 10.000000
2000 py -10.500000
2001 py -10.000000
2002 pz 5.000000
2003 pz 10.000000
2004 px 10.000000
2005 px 10.500000
2006 py -10.500000
2007 py -10.000000
2008 pz 5.000000
2009 pz 10.000000
2010 px 10.500000
*2011 px 11.000000
2012 py -10.500000
2013 py -10.000000
2014 pz 5.000000
2015 pz 10.000000
2016 px 9.000000
2017 px 9.500000
2018 py -10.000000
2019 py -9.500000
2020 pz 5.000000
2021 pz 10.000000
2022 px 9.500000
2023 px 10.000000
2024 py -10.000000
2025 py -9.500000
2026 pz 5.000000
2027 pz 10.000000
2028 px 10.000000
2029 px 10.500000
2030 py -10.000000
2031 py -9.500000
2032 pz 5.000000
2033 pz 10.000000
2034 px 10.500000
*2035 px 11.000000
2036 py -10.000000
2037 py -9.500000
2038 pz 5.000000
2039 pz 10.000000
2040 px 9.000000
2041 px 9.500000
2042 py -9.500000
2043 py -9.000000
2044 pz 5.000000
2045 pz 10.000000
2046 px 9.500000
2047 px 10.000000
2048 py -9.500000
2049 py -9.000000
2050 pz 5.000000
2051 pz 10.000000
2052 px 10.000000
2053 px 10.500000
2054 py -9.500000
2055 py -9.000000
2056 pz 5.000000
2057 pz 10.000000
2058 px 10.500000
*2059 px 11.000000
2060 py -9.500000
2061 py -9.000000
2062 pz 5.000000
2063 pz 10.000000
*99000 px -11.0000
*99001 px 11.0000
*99002 py -11.0000
*99003 py 11.0000

c material card
m1 92235 1.0000
m2 92235 1.0000
m3 92235 1.0000
m4 92235 1.0000
m5 92235 1.0000
m6 92235 1.0000
m7 92235 1.0000
m8 92235 1.0000
m9 92235 1.0000
m10 92235 1.0000
m11 92235 1.0000
m12 92235 1.0000
m13 92235 1.0000
m14 92235 1.0000
m15 92235 1.0000
m16 92235 1.0000
m17 92235 1.0000
m18 92235 1.0000
m19 92235 1.0000
m20 92235 1.0000
m21 92235 1.0000
m22 92235 1.0000
m23 92235 1.0000
m24 92235 1.0000
m25 92235 1.0000
m26 92235 1.0000
m27 92235 1.0000
m28 92235 1.0000
m29 92235 1.0000
m30 92235 1.0000
m31 92235 1.0000
m32 92235 1.0000
m33 92235 1.0000
m34 92235 1.0000
m35 92235 1.0000
m36 92235 1.0000
m37 92235 1.0000
m38 92235 1.0000
m39 92235 1.0000
m40 92235 1.0000
m41 92235 1.0000
m42 92235 1.0000
m43 92235 1.0000
m44 92235 1.0000
m45 92235 1.0000
m46 92235 1.0000
m47 92235 1.0000
m48 92235 1.0000
m49 92235 1.0000
m50 92235 1.0000
m51 92235 1.0000
m52 92235 1.0000
m53 92235 1.0000
m54 92235 1.0000
m55 92235 1.0000
m56 92235 1.0000
m57 92235 1.0000
m58 92235 1.0000
m59 92235 1.0000
m60 92235 1.0000
m61 92235 1.0000
m62 92235 1.0000
m63 92235 1.0000
m64 92235 1.0000
m65 92235 1.0000
m66 92235 1.0000
m67 92235 1.0000
m68 92235 1.0000
m69 92235 1.0000
m70 92235 1.0000
m71 92235 1.0000
m72 92235 1.0000
m73 92235 1.0000
m74 92235 1.0000
m75 92235 1.0000
m76 92235 1.0000
m77 92235 1.0000
m78 92235 1.0000
m79 92235 1.0000
m80 92235 1.0000
m81 92235 1.0000
m82 92235 1.0000
m83 92235 1.0000
m84 92235 1.0000
m85 92235 1.0000
m86 92235 1.0000
m87 92235 1.0000
m88 92235 1.0000
m89 92235 1.0000
m90 92235 1.0000
m91 92235 1.0000
m92 92235 1.0000
m93 92235 1.0000
m94 92235 1.0000
m95 92235 1.0000
m96 92235 1.0000
m97 92235 1.0000
m98 92235 1.0000
m99 92235 1.0000
m100 92235 1.0000
m101 92235 1.0000
m102 92235 1.0000
m103 92235 1.0000
m104 92235 1.0000
m105 92235 1.0000
m106 92235 1.0000
m107 92235 1.0000
m108 92235 1.0000
m109 92235 1.0000
m110 92235 1.0000
m111 92235 1.0000
m112 92235 1.0000
m113 92235 1.0000
m114 92235 1.0000
m115 92235 1.0000
m116 92235 1.0000
m117 92235 1.0000
m118 92235 1.0000
m119 92235 1.0000
m120 92235 1.0000
m121 92235 1.0000
m122 92235 1.0000
m123 92235 1.0000
m124 92235 1.0000
m125 92235 1.0000
m126 92235 1.0000
m127 92235 1.0000
m128 92235 1.0000
m129 92235 1.0000
m130 92235 1.0000
m131 92235 1.0000
m132 92235 1.0000
m133 92235 1.0000
m134 92235 1.0000
m135 92235 1.0000
m136 92235 1.0000
m137 92235 1.0000
m138 92235 1.0000
m139 92235 1.0000
m140 92235 1.0000
m141 92235 1.0000
m142 92235 1.0000
m143 92235 1.0000
m144 92235 1.0000
m145 92235 1.0000
m146 92235 1.0000
m147 92235 1.0000
m148 92235 1.0000
m149 92235 1.0000
m150 92235 1.0000
m151 92235 1.0000
m152 92235 1.0000
m153 92235 1.0000
m154 92235 1.0000
m155 92235 1.0000
m156 92235 1.0000
m157 92235 1.0000
m158 92235 1.0000
m159 92235 1.0000
m160 92235 1.0000
m161 92235 1.0000
m162 92235 1.0000
m163 92235 1.0000
m164 92235 1.0000
m165 92235 1.0000
m166 92235 1.0000
m167 92235 1.0000
m168 92235 1.0000
m169 92235 1.0000
m170 92235 1.0000
m171 92235 1.0000
m172 92235 1.0000
m173 92235 1.0000
m174 92235 1.0000
m175 92235 1.0000
m176 92235 1.0000
m177 92235 1.0000
m178 92235 1.0000
m179 92235 1.0000
m180 92235 1.0000
m181 92235 1.0000
m182 92235 1.0000
m183 92235 1.0000
m184 92235 1.0000
m185 92235 1.0000
m186 92235 1.0000
m187 92235 1.0000
m188 92235 1.0000
m189 92235 1.0000
m190 92235 1.0000
m191 92235 1.0000
m192 92235 1.0000
m193 92235 1.0000
m194 92235 1.0000
m195 92235 1.0000
m196 92235 1.0000
m197 92235 1.0000
m198 92235 1.0000
m199 92235 1.0000
m200 92235 1.0000
m201 92235 1.0000
m202 92235 1.0000
m203 92235 1.0000
m204 92235 1.0000
m205 92235 1.0000
m206 92235 1.0000
m207 92235 1.0000
m208 92235 1.0000
m209 92235 1.0000
m210 92235 1.0000
m211 92235 1.0000
m212 92235 1.0000
m213 92235 1.0000
m214 92235 1.0000
m215 92235 1.0000
m216 92235 1.0000
m217 92235 1.0000
m218 92235 1.0000
m219 92235 1.0000
m220 92235 1.0000
m221 92235 1.0000
m222 92235 1.0000
m223 92235 1.0000
m224 92235 1.0000
m225 92235 1.0000
m226 92235 1.0000
m227 92235 1.0000
m228 92235 1.0000
m229 92235 1.0000
m230 92235 1.0000
m231 92235 1.0000
m232 92235 1.0000
m233 92235 1.0000
m234 92235 1.0000
m235 92235 1.0000
m236 92235 1.0000
m237 92235 1.0000
m238 92235 1.0000
m239 92235 1.0000
m240 92235 1.0000
m241 92235 1.0000
m242 92235 1.0000
m243 92235 1.0000
m244 92235 1.0000
m245 92235 1.0000
m246 92235 1.0000
m247 92235 1.0000
m248 92235 1.0000
m249 92235 1.0000
m250 92235 1.0000
m251 92235 1.0000
m252 92235 1.0000
m253 92235 1.0000
m254 92235 1.0000
m255 92235 1.0000
m256 92235 1.0000
m257 92235 1.0000
m258 92235 1.0000
m259 92235 1.0000
m260 92235 1.0000
m261 92235 1.0000
m262 92235 1.0000
m263 92235 1.0000
m264 92235 1.0000
m265 92235 1.0000
m266 92235 1.0000
m267 92235 1.0000
m268 92235 1.0000
m269 92235 1.0000
m270 92235 1.0000
m271 92235 1.0000
m272 92235 1.0000
m273 92235 1.0000
m274 92235 1.0000
m275 92235 1.0000
m276 92235 1.0000
m277 92235 1.0000
m278 92235 1.0000
m279 92235 1.0000
m280 92235 1.0000
m281 92235 1.0000
m282 92235 1.0000
m283 92235 1.0000
m284 92235 1.0000
m285 92235 1.0000
m286 92235 1.0000
m287 92235 1.0000
m288 92235 1.0000
m289 92235 1.0000
m290 92235 1.0000
m291 92235 1.0000
m292 92235 1.0000
m293 92235 1.0000
m294 92235 1.0000
m295 92235 1.0000
m296 92235 1.0000
m297 92235 1.0000
m298 92235 1.0000
m299 92235 1.0000
m300 92235 1.0000
m301 92235 1.0000
m302 92235 1.0000
m303 92235 1.0000
m304 92235 1.0000
m305 92235 1.0000
m306 92235 1.0000
m307 92235 1.0000
m308 92235 1.0000
m309 92235 1.0000
m310 92235 1.0000
m311 92235 1.0000
m312 92235 1.0000
m313 92235 1.0000
m314 92235 1.0000
m315 92235 1.0000
m316 92235 1.0000
m317 92235 1.0000
m318 92235 1.0000
m319 92235 1.0000
m320 92235 1.0000
m321 92235 1.0000
m322 92235 1.0000
m323 92235 1.0000
m324 92235 1.0000
m325 92235 1.0000
m326 92235 1.0000
m327 92235 1.0000
m328 92235 1.0000
m329 92235 1.0000
m330 92235 1.0000
m331 92235 1.0000
m332 92235 1.0000
m333 92235 1.0000
m334 92235 1.0000
m335 92235 1.0000
m336 92235 1.0000
m337 92235 1.0000
m338 92235 1.0000
m339 92235 1.0000
m340 92235 1.0000
m341 92235 1.0000
m342 92235 1.0000
m343 92235 1.0000
m344 92235 1.0000
m345 92235 1.0000
m346 92235 1.0000
m347 92235 1.0000
m348 92235 1.0000
m349 92235 1.0000
m350 92235 1.0000
m351 92235 1.0000
m352 92235 1.0000
m353 92235 1.0000
m354 92235 1.0000
m355 92235 1.0000
m356 92235 1.0000
m357 92235 1.0000
m358 92235 1.0000
m359 92235 1.0000
m360 92235 1.0000
m361 92235 1.0000
m362 92235 1.0000
m363 92235 1.0000
m364 92235 1.0000
m365 92235 1.0000
m366 92235 1.0000
m367 92235 1.0000
m368 92235 1.0000
m369 92235 1.0000
m370 92235 1.0000
m371 92235 1.0000
m372 92235 1.0000
m373 92235 1.0000
m374 92235 1.0000
m375 92235 1.0000
m376 92235 1.0000
m377 92235 1.0000
m378 92235 1.0000
m379 92235 1.0000
m380 92235 1.0000
m381 92235 1.0000
m382 92235 1.0000
m383 92235 1.0000
m384 92235 1.0000
m385 92235 1.0000
m386 92235 1.0000
m387 92235 1.0000
m388 92235 1.0000
m389 92235 1.0000
m390 92235 1.0000
m391 92235 1.0000
m392 92235 1.0000
m393 92235 1.0000
m394 92235 1.0000
m395 92235 1.0000
m396 92235 1.0000
m397 92235 1.0000
m398 92235 1.0000
m399 92235 1.0000
m400 92235 1.0000
m401 92235 1.0000
m402 92235 1.0000
m403 92235 1.0000
m404 92235 1.0000
m405 92235 1.0000
m406 92235 1.0000
m407 92235 1.0000
m408 92235 1.0000
m409 92235 1.0000
m410 92235 1.0000
m411 92235 1.0000
m412 92235 1.0000
m413 92235 1.0000
m414 92235 1.0000
m415 92235 1.0000
m416 92235 1.0000
m417 92235 1.0000
m418 92235 1.0000
m419 92235 1.0000
m420 92235 1.0000
m421 92235 1.0000
m422 92235 1.0000
m423 92235 1.0000
m424 92235 1.0000
m425 92235 1.0000
m426 92235 1.0000
m427 92235 1.0000
m428 92235 1.0000
m429 92235 1.0000
m430 92235 1.0000
m431 92235 1.0000
m432 92235 1.0000
m433 92235 1.0000
m434 92235 1.0000
m435 92235 1.0000
m436 92235 1.0000
m437 92235 1.0000
m438 92235 1.0000
m439 92235 1.0000
m440 92235 1.0000
m441 92235 1.0000
m442 92235 1.0000
m443 92235 1.0000
m444 92235 1.0000
m445 92235 1.0000
m446 92235 1.0000
m447 92235 1.0000
m448 92235 1.0000
m449 92235 1.0000
m450 92235 1.0000
m451 92235 1.0000
m452 92235 1.0000
m453 92235 1.0000
m454 92235 1.0000
m455 92235 1.0000
m456 92235 1.0000
m457 92235 1.0000
m458 92235 1.0000
m459 92235 1.0000
m460 92235 1.0000
m461 92235 1.0000
m462 92235 1.0000
m463 92235 1.0000
m464 92235 1.0000
m465 92235 1.0000
m466 92235 1.0000
m467 92235 1.0000
m468 92235 1.0000
m469 92235 1.0000
m470 92235 1.0000
m471 92235 1.0000
m472 92235 1.0000
m473 92235 1.0000
m474 92235 1.0000
m475 92235 1.0000
m476 92235 1.0000
m477 92235 1.0000
m478 92235 1.0000
m479 92235 1.0000
m480 92235 1.0000
m481 92235 1.0000
m482 92235 1.0000
m483 92235 1.0000
m484 92235 1.0000
m485 92235 1.0000
m486 92235 1.0000
m487 92235 1.0000
m488 92235 1.0000
m489 92235 1.0000
m490 92235 1.0000
m491 92235 1.0000
m492 92235 1.0000
m493 92235 1.0000
m494 92235 1.0000
m495 92235 1.0000
m496 92235 1.0000
m497 92235 1.0000
m498 92235 1.0000
m499 92235 1.0000
m500 92235 1.0000
m501 92235 1.0000
m502 92235 1.0000
m503 92235 1.0000
m504 92235 1.0000
m505 92235 1.0000
m506 92235 1.0000
m507 92235 1.0000
m508 92235 1.0000
m509 92235 1.0000
m510 92235 1.0000
m511 92235 1.0000
m512 92235 1.0000
m513 92235 1.0000
m514 92235 1.0000
m515 92235 1.0000
m516 92235 1.0000
m517 92235 1.0000
m518 92235 1.0000
m519 92235 1.0000
m520 92235 1.0000
m521 92235 1.0000
m522 92235 1.0000
m523 92235 1.0000
m524 92235 1.0000
m525 92235 1.0000
m526 92235 1.0000
m527 92235 1.0000
m528 92235 1.0000
m529 92235 1.0000
m530 92235 1.0000
m531 92235 1.0000
m532 92235 1.0000
m533 92235 1.0000
m534 92235 1.0000
m535 92235 1.0000
m536 92235 1.0000
m537 92235 1.0000
m538 92235 1.0000
m539 92235 1.0000
m540 92235 1.0000
m541 92235 1.0000
m542 92235 1.0000
m543 92235 1.0000
m544 92235 1.0000
m545 92235 1.0000
m546 92235 1.0000
m547 92235 1.0000
m548 92235 1.0000
m549 92235 1.0000
m550 92235 1.0000
m551 92235 1.0000
m552 92235 1.0000
m553 92235 1.0000
m554 92235 1.0000
m555 92235 1.0000
m556 92235 1.0000
m557 92235 1.0000
m558 92235 1.0000
m559 92235 1.0000
m560 92235 1.0000
m561 92235 1.0000
m562 92235 1.0000
m563 92235 1.0000
m564 92235 1.0000
m565 92235 1.0000
m566 92235 1.0000
m567 92235 1.0000
m568 92235 1.0000
m569 92235 1.0000
m570 92235 1.0000
m571 92235 1.0000
m572 92235 1.0000
m573 92235 1.0000
m574 92235 1.0000
m575 92235 1.0000
m576 92235 1.0000
m577 92235 1.0000
m578 92235 1.0000
m579 92235 1.0000
m580 92235 1.0000
m581 92235 1.0000
m582 92235 1.0000
m583 92235 1.0000
m584 92235 1.0000
m585 92235 1.0000
m586 92235 1.0000
m587 92235 1.0000
m588 92235 1.0000
m589 92235 1.0000
m590 92235 1.0000
m591 92235 1.0000
m592 92235 1.0000
m593 92235 1.0000
m594 92235 1.0000
m595 92235 1.0000
m596 92235 1.0000
m597 92235 1.0000
m598 92235 1.0000
m599 92235 1.0000
m600 92235 1.0000
m601 92235 1.0000
m602 92235 1.0000
m603 92235 1.0000
m604 92235 1.0000
m605 92235 1.0000
m606 92235 1.0000
m607 92235 1.0000
m608 92235 1.0000
m609 92235 1.0000
m610 92235 1.0000
m611 92235 1.0000
m612 92235 1.0000
m613 92235 1.0000
m614 92235 1.0000
m615 92235 1.0000
m616 92235 1.0000
m617 92235 1.0000
m618 92235 1.0000
m619 92235 1.0000
m620 92235 1.0000
m621 92235 1.0000
m622 92235 1.0000
m623 92235 1.0000
m624 92235 1.0000
m625 92235 1.0000
m626 92235 1.0000
m627 92235 1.0000
m628 92235 1.0000
m629 92235 1.0000
m630 92235 1.0000
m631 92235 1.0000
m632 92235 1.0000
m633 92235 1.0000
m634 92235 1.0000
m635 92235 1.0000
m636 92235 1.0000
m637 92235 1.0000
m638 92235 1.0000
m639 92235 1.0000
m640 92235 1.0000
m641 92235 1.0000
m642 92235 1.0000
m643 92235 1.0000
m644 92235 1.0000
m645 92235 1.0000
m646 92235 1.0000
m647 92235 1.0000
m648 92235 1.0000
m649 92235 1.0000
m650 92235 1.0000
m651 92235 1.0000
m652 92235 1.0000
m653 92235 1.0000
m654 92235 1.0000
m655 92235 1.0000
m656 92235 1.0000
m657 92235 1.0000
m658 92235 1.0000
m659 92235 1.0000
m660 92235 1.0000
m661 92235 1.0000
m662 92235 1.0000
m663 92235 1.0000
m664 92235 1.0000
m665 92235 1.0000
m666 92235 1.0000
m667 92235 1.0000
m668 92235 1.0000
m669 92235 1.0000
m670 92235 1.0000
m671 92235 1.0000
m672 92235 1.0000
m673 92235 1.0000
m674 92235 1.0000
m675 92235 1.0000
m676 92235 1.0000
m677 92235 1.0000
m678 92235 1.0000
m679 92235 1.0000
m680 92235 1.0000
kcode 10000 1.0 10 110
ksrc 0.003111117 0.001111111 5.111031